stn_id,lat,lon
000,42.22757898,85.68062191
001,42.22757898,85.76162272
002,39.31154982,75.71752228
003,39.31154982,75.79852309
004,39.31154982,75.8795239
005,39.31154982,75.96052471
006,39.39255063,75.96052471
007,39.39255063,76.04152552
008,39.39255063,76.12252633
009,39.47355144,76.12252633
010,41.82257493,84.30360814
011,41.90357574,84.30360814
012,41.98457655,84.30360814
013,41.98457655,84.38460895
014,41.98457655,84.46560976
015,41.98457655,84.54661057
016,43.60459275,81.79258303
017,43.68559356,81.79258303
018,43.60459275,81.87358384
019,43.68559356,81.87358384
020,43.76659437,81.87358384
021,43.60459275,81.95458465
022,42.95658627,89.97366484
023,43.03758708,89.97366484
024,43.03758708,90.05466565
025,43.03758708,90.13566646
026,44.0095968,87.30063811
027,41.74157412,83.08859599
028,44.09059761,87.05763568
029,44.0095968,87.13863649
030,44.09059761,87.13863649
031,44.0095968,87.2196373
032,44.90060571,82.03558546
033,44.90060571,82.11658627
034,42.63258303,93.45669967
035,42.71358384,93.45669967
036,42.63258303,93.53770048
037,42.71358384,93.53770048
038,46.19661867,84.14160652
039,46.19661867,84.22260733
040,46.19661867,84.30360814
041,46.11561786,84.38460895
042,46.19661867,84.38460895
043,46.11561786,84.46560976
044,46.19661867,84.46560976
045,42.63258303,93.61870129
046,42.95658627,93.61870129
047,42.63258303,93.6997021
048,42.87558546,93.6997021
049,42.95658627,93.6997021
050,42.63258303,93.78070291
051,42.71358384,93.78070291
052,42.87558546,93.78070291
053,42.71358384,93.86170372
054,42.79458465,93.86170372
055,42.87558546,93.86170372
056,43.76659437,87.62464135
057,43.76659437,87.70564216
058,43.76659437,87.78664297
059,43.84759518,87.78664297
060,43.92859599,87.78664297
061,44.0095968,87.78664297
062,44.25259923,90.05466565
063,44.33360004,90.05466565
064,44.25259923,90.13566646
065,40.7695644,79.9295644
066,40.85056521,79.9295644
067,40.7695644,80.01056521
068,40.85056521,80.01056521
069,40.93156602,80.01056521
070,40.7695644,80.09156602
071,40.93156602,80.09156602
072,40.7695644,80.17256683
073,40.7695644,80.25356764
074,39.55455225,75.96052471
075,39.63555306,75.96052471
076,39.55455225,76.04152552
077,39.55455225,76.12252633
078,39.55455225,76.20352714
079,39.55455225,76.28452795
080,39.55455225,76.36552876
081,37.69153362,75.23151742
082,37.77253443,75.23151742
083,37.61053281,75.31251823
084,37.69153362,75.31251823
085,37.28652957,75.39351904
086,37.36753038,75.39351904
087,37.44853119,75.39351904
088,37.529532,75.39351904
089,37.61053281,75.39351904
090,37.28652957,75.47451985
091,43.1995887,88.59665107
092,43.11858789,88.67765188
093,43.1995887,88.67765188
094,43.11858789,88.75865269
095,43.11858789,88.8396535
096,43.92859599,87.62464135
097,44.17159842,80.7395725
098,44.25259923,80.7395725
099,44.17159842,80.82057331
100,44.25259923,80.82057331
101,36.80052471,81.63058141
102,36.80052471,81.71158222
103,36.80052471,81.79258303
104,36.80052471,81.87358384
105,42.71358384,89.6496616
106,42.79458465,89.6496616
107,42.71358384,89.73066241
108,42.79458465,89.73066241
109,44.8196049,89.00165512
110,44.90060571,89.00165512
111,44.98160652,89.00165512
112,44.73860409,89.08265593
113,44.8196049,89.08265593
114,44.90060571,89.08265593
115,44.98160652,89.08265593
116,44.73860409,89.16365674
117,44.8196049,89.16365674
118,45.54861219,84.87061381
119,45.54861219,84.95161462
120,45.54861219,85.03261543
121,41.25556926,80.17256683
122,41.17456845,80.25356764
123,41.25556926,80.25356764
124,41.82257493,85.92362434
125,41.66057331,86.00462515
126,41.74157412,86.00462515
127,41.82257493,86.00462515
128,41.66057331,86.08562596
129,41.66057331,86.16662677
130,43.1995887,88.51565026
131,43.52359194,87.78664297
132,43.44259113,87.86764378
133,43.52359194,87.86764378
134,43.44259113,87.94864459
135,43.36159032,88.0296454
136,43.44259113,88.0296454
137,43.28058951,88.11064621
138,43.36159032,88.11064621
139,43.11858789,88.19164702
140,43.1995887,88.19164702
141,43.28058951,88.19164702
142,43.03758708,88.27264783
143,43.11858789,88.27264783
144,43.03758708,88.35364864
145,42.95658627,88.43464945
146,43.03758708,88.43464945
147,42.87558546,88.51565026
148,42.95658627,88.51565026
149,42.79458465,88.59665107
150,42.87558546,88.59665107
151,39.23054901,76.77053281
152,46.84462515,89.56866079
153,46.92562596,89.56866079
154,47.00662677,89.56866079
155,39.79755468,78.63355144
156,39.87855549,78.63355144
157,39.9595563,78.63355144
158,39.9595563,78.71455225
159,40.04055711,78.71455225
160,40.12155792,78.71455225
161,40.12155792,78.79555306
162,40.20255873,78.79555306
163,40.20255873,78.87655387
164,40.20255873,78.95755468
165,40.28355954,78.95755468
166,40.28355954,79.03855549
167,40.36456035,79.03855549
168,40.36456035,79.1195563
169,40.36456035,79.20055711
170,40.44556116,79.20055711
171,40.44556116,79.28155792
172,40.52656197,79.28155792
173,40.52656197,79.36255873
174,40.60756278,79.36255873
175,40.60756278,79.44355954
176,40.60756278,79.52456035
177,40.60756278,79.60556116
178,44.09059761,87.62464135
179,44.17159842,87.62464135
180,44.09059761,87.70564216
181,44.17159842,87.70564216
182,44.09059761,87.78664297
183,44.17159842,87.78664297
184,41.82257493,86.32862839
185,43.92859599,82.76459275
186,44.25259923,82.76459275
187,44.33360004,82.76459275
188,44.41460085,82.76459275
189,43.84759518,82.84559356
190,43.92859599,82.84559356
191,44.0095968,82.84559356
192,44.09059761,82.84559356
193,44.17159842,82.84559356
194,44.25259923,82.84559356
195,44.41460085,82.84559356
196,44.49560166,82.84559356
197,44.57660247,82.84559356
198,44.09059761,82.92659437
199,43.60459275,87.70564216
200,43.68559356,87.70564216
201,43.68559356,87.78664297
202,42.30857979,87.13863649
203,42.22757898,87.2196373
204,42.30857979,87.2196373
205,42.22757898,87.30063811
206,44.09059761,87.2196373
207,44.09059761,87.30063811
208,46.76362434,83.25059761
209,46.76362434,83.33159842
210,46.68262353,83.41259923
211,46.76362434,83.41259923
212,46.60162272,83.49360004
213,46.68262353,83.49360004
214,44.0095968,89.16365674
215,44.0095968,89.24465755
216,44.0095968,89.32565836
217,43.92859599,89.40665917
218,44.0095968,89.40665917
219,43.92859599,89.48765998
220,44.0095968,89.48765998
221,44.0095968,89.56866079
222,38.01553686,90.29766808
223,38.09653767,90.29766808
224,38.17753848,90.29766808
225,37.20552876,79.9295644
226,44.33360004,89.97366484
227,44.41460085,89.97366484
228,44.49560166,89.97366484
229,44.57660247,89.97366484
230,44.65760328,89.97366484
231,44.65760328,90.05466565
232,41.49857169,86.00462515
233,41.5795725,86.00462515
234,41.49857169,86.08562596
235,41.49857169,86.16662677
236,41.41757088,86.24762758
237,41.49857169,86.24762758
238,40.93156602,78.47154982
239,40.93156602,78.55255063
240,41.01256683,78.55255063
241,41.01256683,78.63355144
242,41.01256683,78.71455225
243,41.09356764,78.71455225
244,41.09356764,78.79555306
245,43.92859599,87.54364054
246,43.84759518,87.62464135
247,44.98160652,82.52159032
248,45.06260733,82.52159032
249,45.14360814,82.52159032
250,45.22460895,82.52159032
251,44.90060571,82.60259113
252,44.98160652,82.60259113
253,45.22460895,82.60259113
254,44.73860409,82.68359194
255,44.8196049,82.68359194
256,44.90060571,82.68359194
257,44.57660247,82.76459275
258,44.65760328,82.76459275
259,44.73860409,82.76459275
260,42.30857979,86.73363244
261,42.30857979,86.81463325
262,42.30857979,86.89563406
263,42.30857979,86.97663487
264,42.30857979,87.05763568
265,42.30857979,87.30063811
266,42.22757898,87.38163892
267,42.30857979,87.38163892
268,42.22757898,87.46263973
269,42.22757898,87.54364054
270,42.22757898,87.62464135
271,42.22757898,87.70564216
272,42.22757898,87.78664297
273,42.22757898,87.86764378
274,42.22757898,87.94864459
275,42.30857979,87.94864459
276,42.30857979,88.0296454
277,42.30857979,88.11064621
278,42.30857979,88.19164702
279,38.90654577,76.12252633
280,38.98754658,76.12252633
281,39.06854739,76.12252633
282,38.90654577,76.20352714
283,39.06854739,76.20352714
284,45.46761138,84.95161462
285,45.30560976,85.03261543
286,45.38661057,85.03261543
287,45.46761138,85.03261543
288,45.14360814,85.11361624
289,45.22460895,85.11361624
290,45.30560976,85.11361624
291,45.06260733,85.19461705
292,45.14360814,85.19461705
293,44.98160652,85.27561786
294,45.06260733,85.27561786
295,44.8196049,85.35661867
296,44.90060571,85.35661867
297,44.98160652,85.35661867
298,44.73860409,85.43761948
299,44.8196049,85.43761948
300,44.09059761,88.35364864
301,44.17159842,88.35364864
302,43.44259113,88.11064621
303,43.44259113,88.19164702
304,41.09356764,80.09156602
305,41.17456845,80.09156602
306,41.09356764,80.17256683
307,37.529532,78.22854739
308,37.44853119,78.3095482
309,37.529532,78.3095482
310,37.44853119,78.39054901
311,37.44853119,78.47154982
312,37.36753038,78.55255063
313,37.44853119,78.55255063
314,37.36753038,78.63355144
315,37.36753038,78.71455225
316,37.28652957,78.79555306
317,37.36753038,78.79555306
318,37.20552876,78.87655387
319,37.28652957,78.87655387
320,37.20552876,78.95755468
321,37.20552876,79.03855549
322,37.20552876,79.1195563
323,37.20552876,79.20055711
324,37.20552876,79.28155792
325,37.12452795,79.36255873
326,37.20552876,79.36255873
327,37.12452795,79.44355954
328,37.12452795,79.52456035
329,46.19661867,83.00759518
330,46.27761948,83.00759518
331,46.27761948,83.08859599
332,46.27761948,83.1695968
333,46.19661867,83.25059761
334,46.27761948,83.25059761
335,46.19661867,83.33159842
336,46.19661867,83.41259923
337,46.19661867,83.49360004
338,44.17159842,86.81463325
339,44.09059761,86.89563406
340,44.17159842,86.89563406
341,44.09059761,86.97663487
342,41.74157412,86.16662677
343,41.74157412,86.24762758
344,41.74157412,86.32862839
345,44.25259923,85.35661867
346,44.33360004,85.35661867
347,44.25259923,85.43761948
348,44.25259923,85.51862029
349,44.25259923,85.5996211
350,42.87558546,93.45669967
351,42.95658627,93.45669967
352,42.87558546,93.53770048
353,42.95658627,93.53770048
354,44.09059761,89.73066241
355,44.09059761,89.81166322
356,44.09059761,89.89266403
357,44.17159842,89.89266403
358,44.17159842,89.97366484
359,44.17159842,90.05466565
360,44.33360004,90.13566646
361,42.3895806,86.24762758
362,42.55158222,86.24762758
363,42.63258303,86.24762758
364,42.3895806,86.32862839
365,42.47058141,86.32862839
366,42.55158222,86.32862839
367,41.17456845,82.68359194
368,41.17456845,82.76459275
369,41.25556926,82.76459275
370,41.17456845,82.84559356
371,41.25556926,82.84559356
372,46.68262353,82.92659437
373,46.76362434,82.92659437
374,46.68262353,83.00759518
375,43.03758708,89.40665917
376,43.03758708,89.48765998
377,43.11858789,89.48765998
378,42.71358384,93.37569886
379,42.79458465,93.37569886
380,42.87558546,93.37569886
381,44.57660247,82.60259113
382,44.65760328,82.60259113
383,44.57660247,82.68359194
384,43.92859599,81.30657817
385,47.73563406,86.73363244
386,47.65463325,86.81463325
387,47.73563406,86.81463325
388,47.65463325,86.89563406
389,47.57363244,86.97663487
390,47.65463325,86.97663487
391,47.57363244,87.05763568
392,47.57363244,87.13863649
393,47.49263163,87.2196373
394,47.57363244,87.2196373
395,47.49263163,87.30063811
396,47.41163082,87.38163892
397,47.49263163,87.38163892
398,47.41163082,87.46263973
399,47.41163082,87.54364054
400,47.33063001,87.62464135
401,47.41163082,87.62464135
402,47.2496292,87.70564216
403,47.33063001,87.70564216
404,47.2496292,87.78664297
405,47.33063001,87.78664297
406,38.98754658,77.4995401
407,38.98754658,77.58054091
408,39.06854739,77.58054091
409,39.1495482,77.58054091
410,39.1495482,77.66154172
411,39.23054901,77.66154172
412,39.23054901,77.74254253
413,39.31154982,77.74254253
414,39.31154982,77.82354334
415,44.33360004,86.16662677
416,44.33360004,86.24762758
417,44.41460085,86.24762758
418,43.1995887,88.8396535
419,43.11858789,88.92065431
420,43.1995887,88.92065431
421,44.73860409,82.03558546
422,44.8196049,82.03558546
423,44.73860409,82.11658627
424,44.09059761,88.19164702
425,44.17159842,88.19164702
426,45.06260733,82.60259113
427,45.14360814,82.60259113
428,44.8196049,82.76459275
429,44.73860409,82.84559356
430,44.8196049,82.84559356
431,44.09059761,88.27264783
432,43.76659437,94.91471425
433,43.76659437,94.99571506
434,42.87558546,93.61870129
435,42.79458465,93.78070291
436,42.71358384,93.94270453
437,42.79458465,93.94270453
438,42.63258303,94.02370534
439,42.71358384,94.02370534
440,42.55158222,94.10470615
441,42.63258303,94.10470615
442,42.55158222,94.18570696
443,42.3895806,87.78664297
444,42.47058141,87.78664297
445,42.3895806,87.86764378
446,42.3895806,87.94864459
447,42.22757898,88.11064621
448,42.22757898,88.19164702
449,42.22757898,88.27264783
450,38.74454415,75.31251823
451,38.82554496,75.31251823
452,38.82554496,75.39351904
453,38.82554496,75.47451985
454,38.90654577,75.47451985
455,38.98754658,75.47451985
456,38.98754658,75.55552066
457,39.06854739,75.55552066
458,43.68559356,87.54364054
459,43.68559356,87.62464135
460,41.17456845,80.33456845
461,41.17456845,80.41556926
462,41.25556926,80.41556926
463,41.25556926,80.49657007
464,41.25556926,80.57757088
465,41.25556926,80.65857169
466,41.33657007,80.65857169
467,41.33657007,80.7395725
468,41.33657007,80.82057331
469,41.33657007,80.90157412
470,41.33657007,80.98257493
471,41.33657007,81.06357574
472,41.33657007,81.14457655
473,41.41757088,81.14457655
474,41.41757088,81.22557736
475,41.41757088,81.30657817
476,41.41757088,81.38757898
477,41.41757088,81.46857979
478,41.41757088,81.5495806
479,41.41757088,81.63058141
480,41.41757088,81.71158222
481,41.41757088,81.79258303
482,41.41757088,81.87358384
483,41.49857169,81.87358384
484,41.49857169,81.95458465
485,41.49857169,82.03558546
486,41.49857169,82.11658627
487,41.49857169,82.19758708
488,41.5795725,82.19758708
489,41.5795725,82.27858789
490,41.5795725,82.3595887
491,41.5795725,82.44058951
492,41.66057331,82.44058951
493,41.66057331,82.52159032
494,41.66057331,82.60259113
495,41.66057331,82.68359194
496,41.66057331,82.76459275
497,41.66057331,82.84559356
498,41.74157412,82.84559356
499,44.33360004,84.95161462
500,44.33360004,85.03261543
501,44.33360004,85.11361624
502,44.25259923,85.19461705
503,44.33360004,85.19461705
504,44.25259923,85.27561786
505,44.25259923,85.68062191
506,44.25259923,85.76162272
507,44.25259923,85.84262353
508,44.17159842,85.92362434
509,44.25259923,85.92362434
510,44.17159842,86.00462515
511,44.25259923,86.00462515
512,47.41163082,87.78664297
513,47.41163082,87.86764378
514,47.41163082,87.94864459
515,47.49263163,87.94864459
516,47.57363244,87.94864459
517,47.57363244,88.0296454
518,47.65463325,88.0296454
519,47.65463325,88.11064621
520,47.73563406,88.11064621
521,47.73563406,88.19164702
522,44.17159842,87.86764378
523,44.17159842,87.94864459
524,44.17159842,88.0296454
525,41.49857169,86.32862839
526,41.41757088,86.4096292
527,41.49857169,86.4096292
528,41.41757088,86.49063001
529,41.41757088,86.57163082
530,41.33657007,86.65263163
531,41.41757088,86.65263163
532,41.33657007,86.73363244
533,41.33657007,86.81463325
534,41.33657007,86.89563406
535,41.25556926,86.97663487
536,41.33657007,86.97663487
537,40.85056521,87.05763568
538,40.93156602,87.05763568
539,41.01256683,87.05763568
540,41.25556926,87.05763568
541,40.85056521,87.13863649
542,41.01256683,87.13863649
543,41.09356764,87.13863649
544,41.17456845,87.13863649
545,41.25556926,87.13863649
546,40.85056521,87.2196373
547,43.84759518,82.44058951
548,43.84759518,82.52159032
549,43.84759518,82.60259113
550,43.84759518,82.68359194
551,43.84759518,82.76459275
552,44.57660247,82.92659437
553,44.57660247,83.00759518
554,44.65760328,83.00759518
555,44.57660247,83.08859599
556,44.65760328,83.08859599
557,44.57660247,83.1695968
558,44.57660247,83.25059761
559,44.57660247,83.33159842
560,44.49560166,83.41259923
561,44.57660247,83.41259923
562,44.49560166,83.49360004
563,44.49560166,83.57460085
564,44.41460085,83.65560166
565,44.49560166,83.65560166
566,44.41460085,83.73660247
567,44.41460085,83.81760328
568,44.41460085,83.89860409
569,44.33360004,83.9796049
570,44.41460085,83.9796049
571,44.33360004,84.06060571
572,44.33360004,84.14160652
573,44.33360004,84.22260733
574,44.33360004,84.30360814
575,44.33360004,84.38460895
576,44.33360004,84.46560976
577,44.33360004,84.54661057
578,47.33063001,89.08265593
579,47.33063001,89.16365674
580,43.52359194,88.0296454
581,43.52359194,88.11064621
582,43.11858789,89.00165512
583,43.11858789,89.08265593
584,43.11858789,89.16365674
585,43.03758708,89.24465755
586,43.11858789,89.24465755
587,43.03758708,89.32565836
588,47.81663487,86.73363244
589,47.89763568,86.73363244
590,47.81663487,86.81463325
591,47.89763568,86.81463325
592,47.97863649,86.81463325
593,48.0596373,86.81463325
594,48.0596373,86.89563406
595,48.0596373,86.97663487
596,48.0596373,87.05763568
597,48.14063811,87.05763568
598,48.14063811,87.13863649
599,43.76659437,87.30063811
600,43.84759518,87.30063811
601,43.76659437,87.38163892
602,39.31154982,76.04152552
603,40.68856359,80.33456845
604,37.12452795,79.84856359
605,37.12452795,79.9295644
606,41.66057331,86.24762758
607,41.98457655,84.62761138
608,41.98457655,84.70861219
609,41.98457655,84.789613
610,41.98457655,84.87061381
611,41.98457655,84.95161462
612,42.06557736,84.95161462
613,42.06557736,85.03261543
614,42.06557736,85.11361624
615,41.98457655,85.19461705
616,42.06557736,85.19461705
617,41.98457655,85.27561786
618,41.98457655,85.35661867
619,41.98457655,85.43761948
620,41.98457655,85.51862029
621,41.90357574,85.5996211
622,41.98457655,85.5996211
623,41.90357574,85.68062191
624,41.33657007,84.06060571
625,41.25556926,84.14160652
626,41.33657007,84.14160652
627,41.25556926,84.22260733
628,39.31154982,77.90454415
629,39.39255063,77.90454415
630,39.39255063,77.98554496
631,39.47355144,77.98554496
632,39.47355144,78.06654577
633,39.55455225,78.06654577
634,39.55455225,78.14754658
635,39.55455225,78.22854739
636,39.63555306,78.22854739
637,39.63555306,78.3095482
638,39.63555306,78.39054901
639,39.63555306,78.47154982
640,39.71655387,78.47154982
641,39.71655387,78.55255063
642,39.71655387,78.63355144
643,43.92859599,81.46857979
644,43.92859599,87.70564216
645,44.0095968,87.70564216
646,42.14657817,92.56569076
647,42.14657817,92.64669157
648,42.14657817,92.72769238
649,42.22757898,92.72769238
650,42.22757898,92.80869319
651,42.30857979,92.80869319
652,42.30857979,92.889694
653,42.3895806,92.889694
654,42.3895806,92.97069481
655,42.3895806,93.05169562
656,44.17159842,86.57163082
657,44.17159842,86.65263163
658,44.17159842,86.73363244
659,44.09059761,87.86764378
660,44.25259923,87.86764378
661,44.25259923,87.94864459
662,44.25259923,88.0296454
663,44.33360004,88.0296454
664,44.33360004,88.11064621
665,44.33360004,88.19164702
666,44.41460085,88.19164702
667,44.41460085,88.27264783
668,44.41460085,88.35364864
669,44.41460085,88.43464945
670,44.41460085,88.51565026
671,44.41460085,88.59665107
672,44.41460085,88.67765188
673,44.41460085,88.75865269
674,44.41460085,88.8396535
675,44.41460085,88.92065431
676,44.49560166,88.92065431
677,44.49560166,89.00165512
678,44.57660247,89.00165512
679,44.57660247,89.08265593
680,44.65760328,89.08265593
681,44.65760328,89.16365674
682,43.76659437,87.54364054
683,43.84759518,87.54364054
684,44.17159842,88.11064621
685,44.17159842,88.27264783
686,43.92859599,81.38757898
687,43.92859599,81.5495806
688,43.92859599,81.63058141
689,43.84759518,81.71158222
690,43.92859599,81.71158222
691,38.74454415,76.28452795
692,38.66354334,76.36552876
693,38.74454415,76.36552876
694,38.66354334,76.44652957
695,38.58254253,76.52753038
696,38.66354334,76.52753038
697,38.58254253,76.60853119
698,38.50154172,76.689532
699,38.58254253,76.689532
700,38.42054091,76.77053281
701,38.50154172,76.77053281
702,38.42054091,76.85153362
703,38.3395401,76.93253443
704,38.42054091,76.93253443
705,38.25853929,77.01353524
706,38.3395401,77.01353524
707,38.25853929,77.09453605
708,43.92859599,86.24762758
709,43.92859599,86.32862839
710,44.0095968,86.32862839
711,44.09059761,86.32862839
712,44.09059761,86.4096292
713,44.17159842,86.4096292
714,44.09059761,86.49063001
715,44.17159842,86.49063001
716,43.84759518,87.38163892
717,39.87855549,79.03855549
718,39.9595563,79.03855549
719,39.87855549,79.1195563
720,39.9595563,79.1195563
721,38.98754658,76.20352714
722,43.68559356,82.03558546
723,43.76659437,82.03558546
724,43.84759518,82.03558546
725,44.33360004,85.5996211
726,44.57660247,86.49063001
727,44.57660247,86.57163082
728,44.49560166,86.65263163
729,44.57660247,86.65263163
730,44.49560166,86.73363244
731,44.49560166,86.81463325
732,44.49560166,86.89563406
733,44.25259923,87.70564216
734,46.76362434,89.6496616
735,46.68262353,89.73066241
736,46.76362434,89.73066241
737,46.68262353,89.81166322
738,46.60162272,89.89266403
739,46.68262353,89.89266403
740,46.52062191,89.97366484
741,46.60162272,89.97366484
742,46.52062191,90.05466565
743,46.52062191,90.13566646
744,46.52062191,90.21666727
745,40.60756278,79.68656197
746,40.68856359,79.68656197
747,40.68856359,79.76756278
748,40.68856359,79.84856359
749,40.7695644,79.84856359
750,43.84759518,81.22557736
751,43.92859599,81.22557736
752,43.84759518,81.30657817
753,43.1995887,81.79258303
754,43.1995887,81.87358384
755,43.1995887,81.95458465
756,42.95658627,89.40665917
757,42.87558546,89.48765998
758,42.95658627,89.48765998
759,42.87558546,89.56866079
760,42.55158222,93.45669967
761,42.55158222,93.53770048
762,42.55158222,93.61870129
763,42.47058141,93.6997021
764,42.55158222,93.6997021
765,42.47058141,93.78070291
766,42.3895806,93.86170372
767,42.47058141,93.86170372
768,42.30857979,93.94270453
769,42.3895806,93.94270453
770,42.14657817,94.02370534
771,42.22757898,94.02370534
772,42.30857979,94.02370534
773,42.06557736,94.10470615
774,42.14657817,94.10470615
775,41.82257493,94.18570696
776,41.90357574,94.18570696
777,41.98457655,94.18570696
778,42.06557736,94.18570696
779,41.74157412,94.26670777
780,41.82257493,94.26670777
781,41.66057331,94.34770858
782,41.74157412,94.34770858
783,41.5795725,94.42870939
784,41.66057331,94.42870939
785,41.5795725,94.5097102
786,41.49857169,94.59071101
787,41.5795725,94.59071101
788,41.49857169,94.67171182
789,44.65760328,85.76162272
790,44.65760328,85.84262353
791,44.65760328,85.92362434
792,44.09059761,88.43464945
793,44.17159842,88.43464945
794,44.09059761,88.51565026
795,44.09059761,88.59665107
796,44.17159842,86.32862839
797,44.25259923,86.32862839
798,39.63555306,76.04152552
799,39.71655387,76.04152552
800,39.71655387,76.12252633
801,39.71655387,76.20352714
802,48.22163892,87.13863649
803,39.31154982,76.77053281
804,39.39255063,76.77053281
805,41.09356764,80.41556926
806,48.22163892,86.32862839
807,48.30263973,86.32862839
808,48.22163892,86.4096292
809,48.30263973,86.4096292
810,38.01553686,77.09453605
811,38.09653767,77.09453605
812,38.17753848,77.09453605
813,38.01553686,77.17553686
814,38.09653767,77.17553686
815,38.17753848,77.17553686
816,38.25853929,77.17553686
817,44.33360004,86.89563406
818,44.41460085,86.89563406
819,44.0095968,87.62464135
820,42.30857979,93.37569886
821,42.30857979,93.45669967
822,42.3895806,93.45669967
823,42.47058141,93.45669967
824,38.3395401,77.17553686
825,38.3395401,77.25653767
826,38.42054091,77.25653767
827,42.55158222,93.78070291
828,41.98457655,94.26670777
829,41.98457655,94.34770858
830,43.1995887,91.75568266
831,43.03758708,89.16365674
832,43.92859599,87.38163892
833,44.8196049,82.19758708
834,44.8196049,82.27858789
835,43.60459275,87.62464135
836,43.60459275,87.78664297
837,41.66057331,94.26670777
838,41.90357574,94.26670777
839,46.76362434,87.70564216
840,46.84462515,87.70564216
841,46.92562596,87.70564216
842,47.00662677,87.70564216
843,47.08762758,87.70564216
844,47.16862839,87.70564216
845,46.68262353,87.78664297
846,46.76362434,87.78664297
847,46.84462515,87.78664297
848,46.92562596,87.78664297
849,44.25259923,90.21666727
850,44.33360004,90.21666727
851,44.33360004,90.29766808
852,44.33360004,90.37866889
853,44.41460085,90.37866889
854,44.41460085,90.4596697
855,44.49560166,90.4596697
856,44.57660247,90.4596697
857,44.57660247,90.54067051
858,44.57660247,90.62167132
859,44.57660247,90.70267213
860,44.49560166,90.78367294
861,44.57660247,90.78367294
862,44.49560166,90.86467375
863,44.49560166,90.94567456
864,44.41460085,91.02667537
865,44.49560166,91.02667537
866,41.82257493,84.06060571
867,41.82257493,84.14160652
868,41.90357574,84.14160652
869,41.90357574,84.22260733
870,41.98457655,84.22260733
871,41.98457655,85.11361624
872,41.90357574,85.51862029
873,41.82257493,85.76162272
874,41.90357574,85.76162272
875,41.82257493,85.84262353
876,42.3895806,94.02370534
877,42.30857979,94.10470615
878,36.96252633,80.17256683
879,37.04352714,80.17256683
880,36.96252633,80.25356764
881,37.04352714,80.25356764
882,36.96252633,80.33456845
883,36.88152552,80.41556926
884,36.96252633,80.41556926
885,36.88152552,80.49657007
886,36.88152552,80.57757088
887,36.88152552,80.65857169
888,36.88152552,80.7395725
889,36.88152552,80.82057331
890,36.96252633,80.82057331
891,42.06557736,86.32862839
892,42.06557736,86.4096292
893,42.06557736,86.49063001
894,42.06557736,86.57163082
895,44.09059761,80.90157412
896,44.17159842,80.90157412
897,44.0095968,80.98257493
898,44.09059761,80.98257493
899,44.0095968,81.06357574
900,43.92859599,81.14457655
901,44.0095968,81.14457655
902,44.17159842,87.30063811
903,44.25259923,87.30063811
904,44.33360004,87.30063811
905,42.71358384,94.10470615
906,42.14657817,94.18570696
907,42.22757898,94.18570696
908,42.30857979,94.18570696
909,42.3895806,94.18570696
910,42.47058141,94.18570696
911,42.63258303,94.18570696
912,42.06557736,94.26670777
913,41.82257493,94.34770858
914,41.90357574,94.34770858
915,41.74157412,94.42870939
916,41.66057331,94.5097102
917,41.66057331,94.59071101
918,41.5795725,94.67171182
919,41.66057331,94.67171182
920,43.92859599,81.79258303
921,43.92859599,81.87358384
922,42.95658627,89.16365674
923,42.95658627,89.24465755
924,42.87558546,89.32565836
925,42.95658627,89.32565836
926,37.77253443,77.41853929
927,37.85353524,77.41853929
928,37.85353524,77.4995401
929,43.84759518,81.14457655
930,47.08762758,88.8396535
931,47.00662677,88.92065431
932,47.08762758,88.92065431
933,46.92562596,89.00165512
934,47.00662677,89.00165512
935,46.92562596,89.08265593
936,46.92562596,89.16365674
937,46.92562596,89.24465755
938,46.92562596,89.32565836
939,46.92562596,89.40665917
940,46.92562596,89.48765998
941,43.92859599,87.46263973
942,42.3895806,94.10470615
943,40.60756278,79.76756278
944,41.01256683,80.09156602
945,41.01256683,80.17256683
946,43.76659437,81.95458465
947,43.84759518,81.95458465
948,43.68559356,87.46263973
949,43.76659437,87.46263973
950,43.84759518,87.46263973
951,47.41163082,87.70564216
952,47.49263163,87.78664297
953,47.49263163,87.86764378
954,47.81663487,88.19164702
955,39.71655387,75.23151742
956,39.71655387,75.31251823
957,41.49857169,79.84856359
958,41.41757088,79.9295644
959,41.49857169,79.9295644
960,41.41757088,80.01056521
961,41.41757088,80.09156602
962,41.33657007,80.17256683
963,41.41757088,80.17256683
964,41.33657007,80.25356764
965,44.41460085,85.03261543
966,44.98160652,81.14457655
967,44.98160652,81.22557736
968,44.90060571,81.30657817
969,44.98160652,81.30657817
970,41.74157412,86.4096292
971,41.74157412,86.49063001
972,41.66057331,86.57163082
973,41.74157412,86.57163082
974,41.66057331,86.65263163
975,41.74157412,86.65263163
976,41.74157412,86.73363244
977,41.74157412,86.81463325
978,41.74157412,86.89563406
979,44.09059761,88.67765188
980,44.17159842,88.67765188
981,44.09059761,88.75865269
982,44.17159842,88.75865269
983,44.09059761,88.8396535
984,44.09059761,88.92065431
985,44.0095968,89.00165512
986,44.09059761,89.00165512
987,44.0095968,89.08265593
988,46.60162272,83.33159842
989,46.60162272,83.41259923
990,46.52062191,83.49360004
991,44.33360004,87.70564216
992,41.98457655,85.03261543
993,41.09356764,78.87655387
994,41.17456845,78.87655387
995,41.17456845,78.95755468
996,41.17456845,79.03855549
997,41.25556926,79.03855549
998,41.25556926,79.1195563
999,41.25556926,79.20055711
1000,41.25556926,79.28155792
1001,44.41460085,84.789613
1002,44.33360004,84.87061381
1003,44.41460085,84.87061381
1004,47.2496292,89.24465755
1005,47.33063001,89.24465755
1006,47.16862839,89.32565836
1007,47.2496292,89.32565836
1008,47.08762758,89.40665917
1009,47.16862839,89.40665917
1010,47.00662677,89.48765998
1011,47.08762758,89.48765998
1012,43.68559356,87.13863649
1013,43.68559356,87.2196373
1014,43.76659437,87.2196373
1015,44.41460085,84.30360814
1016,46.76362434,88.75865269
1017,46.84462515,88.75865269
1018,46.92562596,88.75865269
1019,46.92562596,88.8396535
1020,47.00662677,88.8396535
1021,46.84462515,89.6496616
1022,41.98457655,86.24762758
1023,42.06557736,86.24762758
1024,41.90357574,86.32862839
1025,41.98457655,86.32862839
1026,41.5795725,94.26670777
1027,41.5795725,94.34770858
1028,41.74157412,82.92659437
1029,47.81663487,86.65263163
1030,44.65760328,86.16662677
1031,44.65760328,86.24762758
1032,44.65760328,86.32862839
1033,44.65760328,86.4096292
1034,44.65760328,86.49063001
1035,44.65760328,86.57163082
1036,46.68262353,83.73660247
1037,46.60162272,83.81760328
1038,46.68262353,83.81760328
1039,46.68262353,83.89860409
1040,46.76362434,83.89860409
1041,46.4396211,83.65560166
1042,46.52062191,83.65560166
1043,46.35862029,83.73660247
1044,46.4396211,83.73660247
1045,46.35862029,83.81760328
1046,46.27761948,83.89860409
1047,46.35862029,83.89860409
1048,46.27761948,83.9796049
1049,46.19661867,84.06060571
1050,46.27761948,84.06060571
1051,46.60162272,83.57460085
1052,46.60162272,83.65560166
1053,46.52062191,83.73660247
1054,46.4396211,83.81760328
1055,37.04352714,79.84856359
1056,47.89763568,87.2196373
1057,47.97863649,87.2196373
1058,47.97863649,87.30063811
1059,48.0596373,87.30063811
1060,48.0596373,87.38163892
1061,48.14063811,87.38163892
1062,48.14063811,87.46263973
1063,48.14063811,87.54364054
1064,48.22163892,87.54364054
1065,46.19661867,84.54661057
1066,46.19661867,84.62761138
1067,46.19661867,84.70861219
1068,46.19661867,84.789613
1069,46.19661867,84.87061381
1070,46.27761948,84.87061381
1071,46.27761948,84.95161462
1072,46.27761948,85.03261543
1073,46.27761948,85.11361624
1074,46.27761948,85.19461705
1075,46.27761948,85.27561786
1076,46.35862029,85.27561786
1077,46.35862029,85.35661867
1078,46.35862029,85.43761948
1079,46.35862029,85.51862029
1080,46.35862029,85.5996211
1081,46.35862029,85.68062191
1082,46.35862029,85.76162272
1083,46.35862029,85.84262353
1084,46.4396211,85.84262353
1085,46.4396211,85.92362434
1086,46.4396211,86.00462515
1087,46.4396211,86.08562596
1088,43.1995887,91.18867699
1089,43.28058951,91.18867699
1090,43.11858789,91.2696778
1091,43.1995887,91.2696778
1092,43.11858789,91.35067861
1093,43.11858789,91.43167942
1094,43.92859599,87.2196373
1095,43.92859599,87.30063811
1096,42.22757898,83.00759518
1097,42.22757898,83.08859599
1098,42.22757898,83.1695968
1099,42.22757898,83.25059761
1100,44.8196049,82.11658627
1101,44.25259923,86.65263163
1102,44.25259923,86.73363244
1103,42.79458465,93.45669967
1104,44.0095968,81.46857979
1105,44.09059761,81.46857979
1106,44.17159842,81.46857979
1107,44.17159842,81.5495806
1108,44.25259923,81.5495806
1109,44.25259923,81.63058141
1110,43.52359194,83.1695968
1111,43.52359194,83.25059761
1112,43.52359194,83.33159842
1113,39.23054901,83.73660247
1114,39.31154982,83.73660247
1115,39.31154982,83.81760328
1116,39.39255063,83.81760328
1117,39.39255063,83.89860409
1118,39.47355144,83.89860409
1119,39.47355144,83.9796049
1120,39.55455225,83.9796049
1121,39.63555306,83.9796049
1122,39.63555306,84.06060571
1123,39.71655387,84.06060571
1124,41.41757088,84.06060571
1125,41.49857169,84.06060571
1126,41.5795725,84.06060571
1127,41.66057331,84.06060571
1128,41.74157412,84.06060571
1129,39.71655387,84.14160652
1130,39.79755468,84.14160652
1131,39.79755468,84.22260733
1132,39.87855549,84.22260733
1133,39.9595563,84.22260733
1134,40.85056521,84.22260733
1135,40.93156602,84.22260733
1136,41.01256683,84.22260733
1137,41.09356764,84.22260733
1138,41.17456845,84.22260733
1139,39.9595563,84.30360814
1140,40.04055711,84.30360814
1141,40.12155792,84.30360814
1142,40.20255873,84.30360814
1143,40.28355954,84.30360814
1144,40.36456035,84.30360814
1145,40.44556116,84.30360814
1146,40.52656197,84.30360814
1147,40.60756278,84.30360814
1148,40.68856359,84.30360814
1149,40.7695644,84.30360814
1150,40.85056521,84.30360814
1151,44.33360004,85.68062191
1152,44.41460085,85.68062191
1153,44.41460085,85.76162272
1154,44.49560166,85.76162272
1155,44.49560166,85.84262353
1156,44.57660247,85.84262353
1157,44.57660247,85.92362434
1158,44.09059761,87.94864459
1159,44.09059761,88.0296454
1160,44.09059761,88.11064621
1161,42.22757898,85.84262353
1162,42.22757898,85.92362434
1163,42.30857979,85.92362434
1164,42.3895806,85.92362434
1165,42.3895806,86.00462515
1166,42.3895806,86.08562596
1167,42.3895806,86.16662677
1168,43.03758708,88.51565026
1169,43.03758708,88.59665107
1170,37.61053281,78.3095482
1171,37.529532,78.39054901
1172,37.28652957,78.55255063
1173,44.49560166,84.62761138
1174,44.57660247,84.62761138
1175,44.49560166,84.70861219
1176,44.49560166,84.789613
1177,39.79755468,78.55255063
1178,44.90060571,84.46560976
1179,44.73860409,84.54661057
1180,44.8196049,84.54661057
1181,44.90060571,84.54661057
1182,44.65760328,84.62761138
1183,44.73860409,84.62761138
1184,44.57660247,84.70861219
1185,38.90654577,77.4995401
1186,38.90654577,77.58054091
1187,38.90654577,77.66154172
1188,47.49263163,86.24762758
1189,47.57363244,86.24762758
1190,47.57363244,86.32862839
1191,47.57363244,86.4096292
1192,47.57363244,86.49063001
1193,47.65463325,86.49063001
1194,47.65463325,86.57163082
1195,47.65463325,86.65263163
1196,47.65463325,86.73363244
1197,43.36159032,93.61870129
1198,43.36159032,93.6997021
1199,43.44259113,93.6997021
1200,43.44259113,93.78070291
1201,43.44259113,93.86170372
1202,43.44259113,93.94270453
1203,43.44259113,94.02370534
1204,43.44259113,94.10470615
1205,43.44259113,94.18570696
1206,43.36159032,94.26670777
1207,43.44259113,94.26670777
1208,43.36159032,94.34770858
1209,43.44259113,94.34770858
1210,43.44259113,94.42870939
1211,43.44259113,94.5097102
1212,43.44259113,94.59071101
1213,43.44259113,94.67171182
1214,43.52359194,94.67171182
1215,43.52359194,94.75271263
1216,43.52359194,94.83371344
1217,43.60459275,94.83371344
1218,43.60459275,94.91471425
1219,43.68559356,94.91471425
1220,43.68559356,94.99571506
1221,41.33657007,82.68359194
1222,41.33657007,82.76459275
1223,42.55158222,93.86170372
1224,42.55158222,93.94270453
1225,42.55158222,94.02370534
1226,41.98457655,86.4096292
1227,41.09356764,80.33456845
1228,41.90357574,85.84262353
1229,41.90357574,86.4096292
1230,44.73860409,85.51862029
1231,44.73860409,85.5996211
1232,44.65760328,85.68062191
1233,44.73860409,85.68062191
1234,37.04352714,79.76756278
1235,36.96252633,79.84856359
1236,36.96252633,79.9295644
1237,36.96252633,80.01056521
1238,36.96252633,80.09156602
1239,36.96252633,80.49657007
1240,36.96252633,80.57757088
1241,36.96252633,80.65857169
1242,36.88152552,80.90157412
1243,36.80052471,80.98257493
1244,36.88152552,80.98257493
1245,36.80052471,81.06357574
1246,36.80052471,81.14457655
1247,36.80052471,81.22557736
1248,36.80052471,81.30657817
1249,36.80052471,81.38757898
1250,36.80052471,81.46857979
1251,36.7195239,81.5495806
1252,36.80052471,81.5495806
1253,36.7195239,81.63058141
1254,44.57660247,89.16365674
1255,44.57660247,89.24465755
1256,44.49560166,89.32565836
1257,44.57660247,89.32565836
1258,44.41460085,89.40665917
1259,44.49560166,89.40665917
1260,44.41460085,89.48765998
1261,44.33360004,89.56866079
1262,44.41460085,89.56866079
1263,44.33360004,89.6496616
1264,44.33360004,89.73066241
1265,44.25259923,89.81166322
1266,44.33360004,89.81166322
1267,44.25259923,89.89266403
1268,44.25259923,89.97366484
1269,44.90060571,82.52159032
1270,44.25259923,86.4096292
1271,44.25259923,86.49063001
1272,44.25259923,86.57163082
1273,43.60459275,83.25059761
1274,43.68559356,83.25059761
1275,43.60459275,83.33159842
1276,43.68559356,83.33159842
1277,43.11858789,88.51565026
1278,43.11858789,88.59665107
1279,42.87558546,90.13566646
1280,42.87558546,90.21666727
1281,42.95658627,90.21666727
1282,42.95658627,90.29766808
1283,42.95658627,90.37866889
1284,43.03758708,90.37866889
1285,43.03758708,90.4596697
1286,43.92859599,82.03558546
1287,43.92859599,82.11658627
1288,43.92859599,82.19758708
1289,43.84759518,82.27858789
1290,43.92859599,82.27858789
1291,43.84759518,82.3595887
1292,43.92859599,82.3595887
1293,43.92859599,82.44058951
1294,43.92859599,82.52159032
1295,43.92859599,82.60259113
1296,40.85056521,80.41556926
1297,40.93156602,80.41556926
1298,41.01256683,80.41556926
1299,36.80052471,79.44355954
1300,36.88152552,79.44355954
1301,36.88152552,79.52456035
1302,36.88152552,79.60556116
1303,36.88152552,79.68656197
1304,36.96252633,79.68656197
1305,36.96252633,79.76756278
1306,44.65760328,82.92659437
1307,44.65760328,82.84559356
1308,44.8196049,84.22260733
1309,44.90060571,84.22260733
1310,44.98160652,84.22260733
1311,44.73860409,84.30360814
1312,44.8196049,84.30360814
1313,44.65760328,84.38460895
1314,44.73860409,84.38460895
1315,44.57660247,84.46560976
1316,44.65760328,84.46560976
1317,44.57660247,84.54661057
1318,43.11858789,91.51268023
1319,43.1995887,91.51268023
1320,43.1995887,91.59368104
1321,43.1995887,91.67468185
1322,42.14657817,86.49063001
1323,42.14657817,86.57163082
1324,42.22757898,86.57163082
1325,42.22757898,86.65263163
1326,42.30857979,86.65263163
1327,42.22757898,86.24762758
1328,42.30857979,86.24762758
1329,42.14657817,86.32862839
1330,42.22757898,86.32862839
1331,43.84759518,86.49063001
1332,43.92859599,86.49063001
1333,43.84759518,86.57163082
1334,43.92859599,86.57163082
1335,43.84759518,86.65263163
1336,41.82257493,81.5495806
1337,41.90357574,81.5495806
1338,41.98457655,81.5495806
1339,41.82257493,81.63058141
1340,41.82257493,81.71158222
1341,41.82257493,81.79258303
1342,41.90357574,81.79258303
1343,41.90357574,81.87358384
1344,41.90357574,81.95458465
1345,41.90357574,82.03558546
1346,41.90357574,82.11658627
1347,41.90357574,82.19758708
1348,41.90357574,82.27858789
1349,39.47355144,76.04152552
1350,42.71358384,88.59665107
1351,42.71358384,88.67765188
1352,42.79458465,88.67765188
1353,39.23054901,75.96052471
1354,39.47355144,75.96052471
1355,42.71358384,93.61870129
1356,43.60459275,92.97069481
1357,43.60459275,93.05169562
1358,43.68559356,93.05169562
1359,43.76659437,93.05169562
1360,43.84759518,93.05169562
1361,43.92859599,93.05169562
1362,44.0095968,93.05169562
1363,44.0095968,93.13269643
1364,44.09059761,93.13269643
1365,44.09059761,93.21369724
1366,44.09059761,93.29469805
1367,44.17159842,93.29469805
1368,44.17159842,93.37569886
1369,44.25259923,93.37569886
1370,44.25259923,93.45669967
1371,44.25259923,93.53770048
1372,36.80052471,80.90157412
1373,36.7195239,81.46857979
1374,48.0596373,86.4096292
1375,48.14063811,86.4096292
1376,48.0596373,86.49063001
1377,48.14063811,86.49063001
1378,47.97863649,86.57163082
1379,48.0596373,86.57163082
1380,47.89763568,86.65263163
1381,47.97863649,86.65263163
1382,43.84759518,82.11658627
1383,43.84759518,82.19758708
1384,44.41460085,84.38460895
1385,44.41460085,84.46560976
1386,44.41460085,84.54661057
1387,44.41460085,84.62761138
1388,43.92859599,89.16365674
1389,43.92859599,89.24465755
1390,43.92859599,89.32565836
1391,44.09059761,89.48765998
1392,44.09059761,89.56866079
1393,44.0095968,89.6496616
1394,44.73860409,82.27858789
1395,44.73860409,82.3595887
1396,44.65760328,82.44058951
1397,44.73860409,82.44058951
1398,44.57660247,82.52159032
1399,44.65760328,82.52159032
1400,44.25259923,92.0796859
1401,44.17159842,92.16068671
1402,44.25259923,92.16068671
1403,44.17159842,92.24168752
1404,44.17159842,92.32268833
1405,44.09059761,92.40368914
1406,44.17159842,92.40368914
1407,44.09059761,92.48468995
1408,44.0095968,92.56569076
1409,44.09059761,92.56569076
1410,44.0095968,92.64669157
1411,43.92859599,92.72769238
1412,44.0095968,92.72769238
1413,43.84759518,92.80869319
1414,43.92859599,92.80869319
1415,43.84759518,92.889694
1416,43.76659437,92.97069481
1417,43.84759518,92.97069481
1418,44.41460085,84.95161462
1419,44.25259923,86.16662677
1420,42.30857979,94.26670777
1421,42.30857979,94.34770858
1422,42.30857979,94.42870939
1423,42.3895806,94.42870939
1424,42.47058141,94.42870939
1425,42.47058141,94.5097102
1426,43.03758708,92.64669157
1427,43.11858789,92.64669157
1428,43.84759518,87.70564216
1429,43.03758708,92.72769238
1430,43.11858789,92.72769238
1431,43.11858789,92.80869319
1432,43.11858789,92.889694
1433,43.03758708,92.97069481
1434,43.11858789,92.97069481
1435,43.03758708,93.05169562
1436,43.03758708,93.13269643
1437,43.03758708,93.21369724
1438,42.95658627,93.29469805
1439,43.03758708,93.29469805
1440,42.95658627,93.37569886
1441,43.03758708,93.53770048
1442,43.03758708,93.61870129
1443,39.1495482,76.85153362
1444,39.23054901,76.85153362
1445,39.1495482,76.93253443
1446,39.1495482,77.01353524
1447,39.1495482,77.09453605
1448,39.1495482,77.17553686
1449,39.1495482,77.25653767
1450,39.1495482,77.33753848
1451,39.23054901,77.33753848
1452,39.23054901,77.41853929
1453,39.23054901,77.4995401
1454,39.23054901,77.58054091
1455,39.31154982,77.58054091
1456,39.31154982,77.66154172
1457,43.84759518,81.38757898
1458,44.09059761,89.6496616
1459,43.84759518,81.79258303
1460,43.84759518,81.87358384
1461,46.19661867,90.05466565
1462,46.27761948,90.05466565
1463,46.35862029,90.05466565
1464,46.4396211,90.05466565
1465,46.03461705,90.13566646
1466,46.11561786,90.13566646
1467,46.19661867,90.13566646
1468,41.09356764,80.25356764
1469,43.03758708,89.56866079
1470,43.03758708,89.6496616
1471,43.03758708,89.73066241
1472,43.03758708,89.81166322
1473,43.03758708,89.89266403
1474,41.17456845,80.17256683
1475,43.11858789,93.05169562
1476,43.03758708,93.37569886
1477,37.28652957,79.1195563
1478,43.76659437,93.13269643
1479,46.19661867,83.57460085
1480,46.27761948,83.57460085
1481,46.35862029,83.57460085
1482,46.4396211,83.57460085
1483,46.52062191,83.57460085
1484,44.17159842,87.54364054
1485,43.52359194,87.46263973
1486,43.52359194,87.54364054
1487,43.60459275,87.54364054
1488,47.33063001,87.86764378
1489,47.33063001,87.94864459
1490,47.41163082,88.0296454
1491,44.57660247,82.11658627
1492,44.65760328,82.11658627
1493,44.57660247,82.19758708
1494,44.49560166,82.27858789
1495,44.57660247,82.27858789
1496,44.49560166,82.3595887
1497,44.49560166,82.44058951
1498,44.49560166,82.52159032
1499,44.49560166,82.60259113
1500,44.49560166,82.68359194
1501,44.49560166,82.76459275
1502,39.79755468,78.71455225
1503,39.87855549,78.71455225
1504,39.87855549,78.79555306
1505,39.87855549,78.87655387
1506,39.87855549,78.95755468
1507,43.52359194,81.87358384
1508,46.68262353,83.65560166
1509,42.87558546,88.67765188
1510,41.25556926,80.33456845
1511,41.33657007,80.41556926
1512,41.33657007,80.49657007
1513,41.33657007,80.57757088
1514,41.41757088,80.57757088
1515,41.41757088,80.65857169
1516,41.49857169,80.65857169
1517,41.5795725,80.65857169
1518,41.5795725,80.7395725
1519,41.5795725,80.82057331
1520,41.5795725,80.90157412
1521,41.66057331,80.90157412
1522,41.66057331,80.98257493
1523,41.74157412,80.98257493
1524,41.74157412,81.06357574
1525,41.82257493,81.06357574
1526,41.82257493,81.14457655
1527,41.82257493,81.22557736
1528,41.82257493,81.30657817
1529,41.90357574,81.30657817
1530,41.90357574,81.38757898
1531,41.98457655,81.38757898
1532,41.98457655,81.46857979
1533,46.92562596,89.6496616
1534,47.00662677,89.6496616
1535,47.00662677,89.73066241
1536,47.08762758,89.73066241
1537,47.16862839,89.73066241
1538,47.16862839,89.81166322
1539,43.52359194,87.70564216
1540,43.60459275,87.86764378
1541,41.74157412,83.9796049
1542,39.63555306,75.23151742
1543,39.63555306,75.31251823
1544,39.55455225,75.39351904
1545,39.63555306,75.39351904
1546,39.39255063,75.47451985
1547,39.47355144,75.47451985
1548,39.55455225,75.47451985
1549,43.11858789,90.4596697
1550,43.11858789,90.54067051
1551,43.1995887,90.54067051
1552,43.1995887,90.62167132
1553,43.1995887,90.70267213
1554,43.1995887,90.78367294
1555,43.1995887,90.86467375
1556,43.52359194,81.95458465
1557,43.44259113,82.03558546
1558,43.52359194,82.03558546
1559,43.44259113,82.11658627
1560,43.44259113,82.19758708
1561,43.36159032,82.27858789
1562,43.44259113,82.27858789
1563,43.36159032,82.3595887
1564,43.44259113,82.3595887
1565,43.44259113,82.44058951
1566,43.60459275,93.13269643
1567,43.60459275,93.21369724
1568,43.52359194,93.29469805
1569,43.60459275,93.29469805
1570,43.52359194,93.37569886
1571,43.44259113,93.45669967
1572,43.52359194,93.45669967
1573,43.44259113,93.53770048
1574,43.44259113,93.61870129
1575,41.74157412,83.1695968
1576,41.74157412,83.25059761
1577,41.74157412,83.33159842
1578,41.74157412,83.41259923
1579,41.82257493,83.41259923
1580,41.82257493,83.49360004
1581,41.82257493,83.57460085
1582,41.82257493,83.65560166
1583,41.82257493,83.73660247
1584,41.82257493,83.81760328
1585,41.82257493,83.89860409
1586,41.82257493,83.9796049
1587,42.87558546,89.6496616
1588,44.17159842,86.08562596
1589,44.25259923,86.08562596
1590,44.17159842,86.16662677
1591,46.4396211,86.16662677
1592,46.52062191,86.16662677
1593,46.52062191,86.24762758
1594,46.52062191,86.32862839
1595,46.60162272,86.32862839
1596,46.60162272,86.4096292
1597,46.60162272,86.49063001
1598,46.68262353,86.49063001
1599,46.68262353,86.57163082
1600,46.68262353,86.65263163
1601,46.76362434,86.65263163
1602,46.76362434,86.73363244
1603,46.76362434,86.81463325
1604,46.84462515,86.81463325
1605,46.84462515,86.89563406
1606,46.84462515,86.97663487
1607,46.92562596,86.97663487
1608,46.92562596,87.05763568
1609,46.92562596,87.13863649
1610,46.92562596,87.2196373
1611,47.00662677,87.2196373
1612,47.00662677,87.30063811
1613,47.00662677,87.38163892
1614,47.00662677,87.46263973
1615,47.08762758,87.46263973
1616,47.08762758,87.54364054
1617,47.16862839,87.54364054
1618,47.16862839,87.62464135
1619,42.30857979,85.76162272
1620,42.30857979,85.84262353
1621,42.30857979,86.00462515
1622,42.30857979,86.08562596
1623,42.30857979,86.16662677
1624,42.30857979,86.32862839
1625,38.17753848,77.01353524
1626,38.17753848,77.25653767
1627,38.25853929,77.25653767
1628,44.17159842,88.51565026
1629,44.17159842,88.59665107
1630,41.74157412,86.08562596
1631,41.82257493,86.08562596
1632,43.36159032,82.44058951
1633,43.36159032,82.52159032
1634,43.03758708,90.54067051
1635,43.03758708,90.62167132
1636,46.4396211,82.76459275
1637,46.35862029,82.84559356
1638,46.4396211,82.84559356
1639,46.52062191,82.84559356
1640,46.60162272,82.84559356
1641,46.60162272,82.92659437
1642,46.60162272,83.00759518
1643,44.65760328,82.03558546
1644,44.17159842,82.27858789
1645,44.25259923,82.27858789
1646,44.25259923,82.3595887
1647,44.25259923,82.44058951
1648,44.33360004,82.44058951
1649,44.41460085,82.44058951
1650,44.33360004,82.52159032
1651,44.41460085,82.52159032
1652,44.41460085,87.05763568
1653,44.41460085,87.13863649
1654,44.33360004,87.2196373
1655,44.41460085,87.2196373
1656,44.0095968,81.30657817
1657,44.0095968,81.38757898
1658,41.82257493,86.24762758
1659,37.44853119,77.33753848
1660,37.529532,77.33753848
1661,37.61053281,77.33753848
1662,37.61053281,77.41853929
1663,37.69153362,77.41853929
1664,43.68559356,81.14457655
1665,43.76659437,81.14457655
1666,43.76659437,81.22557736
1667,43.76659437,81.30657817
1668,43.11858789,81.87358384
1669,43.84759518,87.86764378
1670,43.92859599,87.86764378
1671,44.0095968,87.86764378
1672,43.52359194,87.94864459
1673,43.60459275,87.94864459
1674,43.11858789,90.62167132
1675,43.11858789,90.05466565
1676,42.79458465,87.86764378
1677,42.79458465,87.94864459
1678,42.3895806,85.84262353
1679,38.90654577,83.73660247
1680,38.98754658,83.73660247
1681,39.06854739,83.73660247
1682,39.1495482,83.73660247
1683,38.90654577,83.81760328
1684,38.98754658,83.81760328
1685,39.06854739,83.81760328
1686,38.82554496,83.89860409
1687,38.90654577,83.89860409
1688,38.74454415,83.9796049
1689,38.82554496,83.9796049
1690,38.66354334,84.06060571
1691,38.74454415,84.06060571
1692,38.66354334,84.14160652
1693,38.66354334,84.22260733
1694,38.50154172,84.30360814
1695,38.58254253,84.30360814
1696,38.66354334,84.30360814
1697,38.50154172,84.38460895
1698,38.42054091,84.46560976
1699,38.50154172,84.46560976
1700,38.42054091,84.54661057
1701,38.3395401,84.62761138
1702,38.42054091,84.62761138
1703,38.25853929,84.70861219
1704,38.3395401,84.70861219
1705,38.25853929,84.789613
1706,38.17753848,84.87061381
1707,38.25853929,84.87061381
1708,38.17753848,84.95161462
1709,38.17753848,85.03261543
1710,38.17753848,85.11361624
1711,38.25853929,85.11361624
1712,38.25853929,85.19461705
1713,38.25853929,85.27561786
1714,38.25853929,85.35661867
1715,38.3395401,85.35661867
1716,38.3395401,85.43761948
1717,38.3395401,85.51862029
1718,38.42054091,85.51862029
1719,38.42054091,85.5996211
1720,38.42054091,85.68062191
1721,38.50154172,85.68062191
1722,41.5795725,86.24762758
1723,41.41757088,86.32862839
1724,41.5795725,86.32862839
1725,41.66057331,86.32862839
1726,41.5795725,82.60259113
1727,38.3395401,77.09453605
1728,44.8196049,89.24465755
1729,44.90060571,89.24465755
1730,42.79458465,88.0296454
1731,42.79458465,88.11064621
1732,42.79458465,88.19164702
1733,42.79458465,88.27264783
1734,42.71358384,88.35364864
1735,42.79458465,88.35364864
1736,42.71358384,88.43464945
1737,42.71358384,88.51565026
1738,39.39255063,75.79852309
1739,39.39255063,75.8795239
1740,39.47355144,75.8795239
1741,44.33360004,85.76162272
1742,39.1495482,76.20352714
1743,39.31154982,76.20352714
1744,39.39255063,76.20352714
1745,39.47355144,76.20352714
1746,39.06854739,76.28452795
1747,39.1495482,76.28452795
1748,39.23054901,76.28452795
1749,39.31154982,76.28452795
1750,39.47355144,76.28452795
1751,36.88152552,79.9295644
1752,44.25259923,90.29766808
1753,44.25259923,90.37866889
1754,44.25259923,90.4596697
1755,44.25259923,90.54067051
1756,44.25259923,90.62167132
1757,44.25259923,90.70267213
1758,44.25259923,90.78367294
1759,44.25259923,90.86467375
1760,44.25259923,90.94567456
1761,44.25259923,91.02667537
1762,44.25259923,91.10767618
1763,44.25259923,91.18867699
1764,44.25259923,91.2696778
1765,44.25259923,91.35067861
1766,44.25259923,91.43167942
1767,44.25259923,91.51268023
1768,44.25259923,91.59368104
1769,44.25259923,91.67468185
1770,44.25259923,91.75568266
1771,44.25259923,91.83668347
1772,44.25259923,91.91768428
1773,44.25259923,91.99868509
1774,44.25259923,92.24168752
1775,44.25259923,92.32268833
1776,44.25259923,92.40368914
1777,44.17159842,92.48468995
1778,44.25259923,92.48468995
1779,44.17159842,92.56569076
1780,44.17159842,92.64669157
1781,44.09059761,92.72769238
1782,44.17159842,92.72769238
1783,44.09059761,92.80869319
1784,44.09059761,92.889694
1785,44.09059761,92.97069481
1786,44.09059761,93.05169562
1787,44.65760328,86.65263163
1788,44.65760328,86.73363244
1789,44.57660247,86.81463325
1790,44.65760328,86.81463325
1791,44.57660247,86.89563406
1792,41.82257493,86.16662677
1793,41.90357574,86.24762758
1794,47.2496292,88.0296454
1795,47.33063001,88.0296454
1796,47.2496292,88.11064621
1797,47.2496292,88.19164702
1798,47.2496292,88.27264783
1799,47.2496292,88.35364864
1800,47.2496292,88.43464945
1801,43.84759518,87.2196373
1802,44.25259923,88.43464945
1803,41.66057331,83.00759518
1804,41.66057331,83.08859599
1805,43.1995887,82.03558546
1806,43.1995887,82.11658627
1807,43.1995887,82.19758708
1808,43.28058951,82.19758708
1809,43.36159032,82.19758708
1810,47.49263163,86.00462515
1811,47.57363244,86.00462515
1812,47.49263163,86.08562596
1813,47.57363244,86.08562596
1814,47.57363244,86.16662677
1815,37.93453605,77.41853929
1816,37.93453605,77.4995401
1817,37.85353524,77.58054091
1818,37.77253443,77.66154172
1819,37.85353524,77.66154172
1820,37.77253443,77.74254253
1821,37.69153362,77.82354334
1822,37.77253443,77.82354334
1823,37.69153362,77.90454415
1824,37.61053281,77.98554496
1825,37.69153362,77.98554496
1826,37.61053281,78.06654577
1827,37.61053281,78.14754658
1828,37.61053281,78.22854739
1829,41.5795725,79.60556116
1830,41.49857169,79.68656197
1831,41.5795725,79.68656197
1832,41.41757088,79.76756278
1833,41.49857169,79.76756278
1834,41.33657007,79.84856359
1835,41.41757088,79.84856359
1836,41.25556926,79.9295644
1837,41.33657007,79.9295644
1838,41.17456845,80.01056521
1839,41.25556926,80.01056521
1840,44.0095968,87.38163892
1841,44.09059761,87.38163892
1842,42.14657817,86.4096292
1843,42.22757898,86.4096292
1844,42.30857979,86.4096292
1845,45.46761138,83.89860409
1846,45.54861219,83.89860409
1847,45.46761138,83.9796049
1848,45.54861219,83.9796049
1849,45.54861219,84.06060571
1850,45.46761138,84.14160652
1851,45.54861219,84.14160652
1852,45.46761138,84.22260733
1853,45.46761138,84.30360814
1854,45.46761138,84.38460895
1855,44.09059761,81.06357574
1856,44.09059761,81.14457655
1857,44.0095968,81.22557736
1858,44.0095968,87.46263973
1859,44.0095968,87.54364054
1860,41.09356764,82.68359194
1861,41.01256683,82.76459275
1862,41.09356764,82.76459275
1863,41.01256683,82.84559356
1864,46.4396211,86.24762758
1865,46.52062191,86.4096292
1866,46.52062191,86.49063001
1867,46.60162272,86.57163082
1868,43.36159032,88.19164702
1869,43.36159032,88.27264783
1870,43.11858789,87.54364054
1871,43.1995887,87.54364054
1872,43.03758708,87.62464135
1873,43.11858789,87.62464135
1874,43.1995887,87.62464135
1875,39.47355144,76.77053281
1876,39.47355144,76.85153362
1877,39.47355144,76.93253443
1878,39.55455225,76.93253443
1879,39.55455225,77.01353524
1880,39.63555306,77.01353524
1881,39.63555306,77.09453605
1882,39.71655387,77.09453605
1883,39.71655387,77.17553686
1884,39.71655387,77.25653767
1885,44.49560166,85.03261543
1886,44.57660247,85.03261543
1887,44.49560166,85.11361624
1888,44.57660247,85.11361624
1889,42.95658627,93.05169562
1890,42.95658627,93.13269643
1891,42.95658627,93.21369724
1892,41.82257493,83.00759518
1893,41.82257493,83.08859599
1894,44.25259923,87.78664297
1895,36.96252633,80.90157412
1896,36.96252633,80.98257493
1897,36.96252633,81.06357574
1898,36.96252633,81.14457655
1899,36.96252633,81.22557736
1900,36.96252633,81.30657817
1901,36.96252633,81.38757898
1902,42.22757898,86.89563406
1903,42.22757898,86.97663487
1904,42.22757898,87.05763568
1905,42.22757898,87.13863649
1906,44.09059761,81.22557736
1907,44.41460085,84.06060571
1908,36.80052471,81.95458465
1909,36.7195239,82.03558546
1910,36.80052471,82.03558546
1911,36.7195239,82.11658627
1912,36.7195239,82.19758708
1913,36.80052471,82.19758708
1914,36.80052471,82.27858789
1915,36.80052471,82.3595887
1916,36.88152552,82.3595887
1917,36.88152552,82.44058951
1918,36.88152552,82.52159032
1919,36.88152552,82.60259113
1920,36.88152552,82.68359194
1921,36.96252633,82.68359194
1922,37.04352714,82.68359194
1923,43.60459275,93.37569886
1924,44.0095968,89.73066241
1925,44.0095968,89.81166322
1926,44.0095968,89.89266403
1927,44.0095968,89.97366484
1928,44.0095968,90.05466565
1929,43.92859599,90.13566646
1930,44.0095968,90.13566646
1931,43.92859599,90.21666727
1932,43.84759518,90.29766808
1933,43.92859599,90.29766808
1934,44.49560166,86.97663487
1935,44.49560166,87.05763568
1936,43.92859599,89.97366484
1937,46.11561786,84.54661057
1938,46.11561786,84.62761138
1939,46.11561786,84.70861219
1940,45.54861219,84.789613
1941,45.629613,84.789613
1942,45.71061381,84.789613
1943,45.79161462,84.789613
1944,45.87261543,84.789613
1945,45.95361624,84.789613
1946,46.03461705,84.789613
1947,46.11561786,84.789613
1948,38.58254253,77.17553686
1949,38.58254253,77.25653767
1950,38.66354334,77.25653767
1951,38.58254253,77.33753848
1952,38.66354334,77.33753848
1953,38.74454415,77.33753848
1954,38.74454415,77.41853929
1955,38.82554496,77.41853929
1956,38.82554496,77.4995401
1957,42.55158222,95.3197183
1958,42.55158222,95.40071911
1959,42.47058141,95.48171992
1960,42.55158222,95.48171992
1961,42.3895806,95.56272073
1962,42.47058141,95.56272073
1963,42.30857979,95.64372154
1964,42.3895806,95.64372154
1965,42.30857979,95.72472235
1966,42.22757898,95.80572316
1967,42.30857979,95.80572316
1968,42.14657817,95.88672397
1969,42.22757898,95.88672397
1970,42.14657817,95.96772478
1971,42.14657817,96.04872559
1972,40.60756278,81.22557736
1973,40.68856359,81.22557736
1974,40.68856359,81.30657817
1975,40.68856359,81.38757898
1976,40.68856359,81.46857979
1977,40.7695644,81.46857979
1978,40.7695644,81.5495806
1979,40.7695644,81.63058141
1980,40.7695644,81.71158222
1981,40.7695644,81.79258303
1982,40.7695644,81.87358384
1983,40.85056521,81.87358384
1984,40.85056521,81.95458465
1985,40.85056521,82.03558546
1986,40.93156602,82.03558546
1987,40.93156602,82.11658627
1988,40.93156602,82.19758708
1989,41.01256683,82.19758708
1990,41.01256683,82.27858789
1991,41.01256683,82.3595887
1992,41.09356764,82.3595887
1993,41.09356764,82.44058951
1994,41.17456845,82.44058951
1995,41.17456845,82.52159032
1996,41.17456845,82.60259113
1997,37.04352714,79.68656197
1998,37.12452795,79.68656197
1999,37.12452795,79.76756278
2000,37.20552876,79.76756278
2001,37.28652957,79.76756278
2002,43.11858789,89.32565836
2003,43.11858789,89.40665917
2004,43.03758708,93.6997021
2005,43.11858789,93.6997021
2006,43.1995887,93.6997021
2007,43.28058951,93.6997021
2008,44.17159842,84.38460895
2009,44.25259923,84.38460895
2010,44.25259923,84.46560976
2011,44.25259923,84.54661057
2012,44.25259923,84.62761138
2013,44.33360004,84.62761138
2014,44.33360004,84.70861219
2015,42.95658627,88.35364864
2016,44.33360004,86.32862839
2017,44.33360004,86.4096292
2018,44.41460085,86.4096292
2019,44.41460085,86.49063001
2020,44.41460085,86.57163082
2021,44.41460085,86.65263163
2022,43.52359194,88.19164702
2023,44.90060571,85.43761948
2024,44.90060571,85.51862029
2025,44.90060571,85.5996211
2026,44.8196049,85.68062191
2027,44.90060571,85.68062191
2028,44.73860409,85.76162272
2029,44.8196049,85.76162272
2030,44.73860409,85.84262353
2031,44.41460085,86.00462515
2032,44.49560166,86.00462515
2033,44.57660247,86.00462515
2034,44.33360004,86.08562596
2035,44.41460085,86.08562596
2036,44.49560166,86.08562596
2037,41.33657007,80.33456845
2038,41.74157412,83.49360004
2039,44.41460085,84.70861219
2040,41.90357574,82.3595887
2041,41.90357574,82.44058951
2042,38.66354334,87.38163892
2043,38.74454415,87.38163892
2044,38.74454415,87.46263973
2045,38.74454415,87.54364054
2046,38.74454415,87.62464135
2047,38.82554496,87.62464135
2048,38.82554496,87.70564216
2049,38.82554496,87.78664297
2050,38.90654577,87.78664297
2051,38.90654577,87.86764378
2052,38.90654577,87.94864459
2053,38.98754658,87.94864459
2054,38.98754658,88.0296454
2055,38.98754658,88.11064621
2056,38.98754658,88.19164702
2057,43.28058951,91.75568266
2058,43.28058951,91.83668347
2059,41.82257493,84.22260733
2060,44.0095968,81.5495806
2061,44.0095968,81.63058141
2062,44.0095968,81.71158222
2063,44.0095968,81.79258303
2064,43.92859599,81.95458465
2065,42.71358384,89.81166322
2066,42.71358384,89.89266403
2067,42.79458465,89.89266403
2068,42.79458465,89.97366484
2069,42.87558546,89.97366484
2070,42.87558546,90.05466565
2071,42.95658627,90.05466565
2072,41.90357574,82.52159032
2073,41.90357574,82.60259113
2074,41.90357574,82.68359194
2075,41.82257493,82.76459275
2076,41.90357574,82.76459275
2077,41.82257493,82.84559356
2078,41.82257493,82.92659437
2079,37.20552876,79.52456035
2080,37.44853119,79.52456035
2081,37.20552876,79.60556116
2082,37.28652957,79.60556116
2083,37.36753038,79.60556116
2084,37.44853119,79.60556116
2085,48.22163892,86.49063001
2086,48.14063811,86.57163082
2087,48.0596373,86.65263163
2088,48.14063811,86.65263163
2089,38.17753848,85.51862029
2090,38.25853929,85.51862029
2091,37.85353524,85.5996211
2092,37.93453605,85.5996211
2093,38.01553686,85.5996211
2094,38.09653767,85.5996211
2095,38.17753848,85.5996211
2096,38.25853929,85.5996211
2097,38.3395401,85.5996211
2098,37.69153362,85.68062191
2099,37.77253443,85.68062191
2100,37.85353524,85.68062191
2101,43.36159032,88.35364864
2102,46.84462515,87.05763568
2103,46.92562596,87.30063811
2104,46.84462515,89.73066241
2105,46.76362434,89.81166322
2106,46.84462515,89.81166322
2107,46.76362434,89.89266403
2108,46.68262353,89.97366484
2109,42.22757898,94.67171182
2110,42.30857979,94.67171182
2111,41.98457655,94.75271263
2112,42.06557736,94.75271263
2113,42.14657817,94.75271263
2114,42.22757898,94.75271263
2115,41.90357574,94.83371344
2116,41.98457655,94.83371344
2117,42.3895806,93.13269643
2118,42.47058141,93.13269643
2119,42.47058141,93.21369724
2120,42.47058141,93.29469805
2121,42.47058141,93.37569886
2122,42.55158222,93.37569886
2123,41.41757088,80.7395725
2124,41.41757088,80.82057331
2125,41.41757088,80.90157412
2126,41.49857169,80.90157412
2127,41.49857169,80.98257493
2128,41.5795725,80.98257493
2129,41.5795725,81.06357574
2130,41.5795725,81.14457655
2131,41.66057331,81.14457655
2132,41.74157412,81.14457655
2133,43.03758708,92.80869319
2134,42.22757898,86.00462515
2135,40.85056521,80.25356764
2136,40.93156602,80.25356764
2137,41.01256683,80.25356764
2138,40.7695644,80.33456845
2139,40.85056521,80.33456845
2140,42.47058141,94.59071101
2141,42.55158222,94.59071101
2142,42.55158222,94.67171182
2143,41.90357574,82.84559356
2144,41.90357574,82.92659437
2145,41.98457655,82.92659437
2146,41.98457655,83.00759518
2147,42.06557736,83.00759518
2148,42.14657817,83.00759518
2149,41.98457655,83.08859599
2150,42.06557736,83.08859599
2151,42.14657817,83.08859599
2152,42.95658627,90.13566646
2153,43.03758708,89.08265593
2154,42.30857979,85.51862029
2155,42.30857979,85.5996211
2156,42.30857979,85.68062191
2157,44.25259923,86.24762758
2158,41.25556926,79.44355954
2159,41.25556926,79.52456035
2160,41.17456845,79.60556116
2161,41.25556926,79.60556116
2162,41.17456845,79.68656197
2163,41.09356764,79.76756278
2164,41.17456845,79.76756278
2165,41.09356764,79.84856359
2166,41.09356764,79.9295644
2167,41.09356764,80.01056521
2168,41.82257493,86.65263163
2169,41.82257493,86.73363244
2170,43.28058951,88.35364864
2171,43.28058951,88.43464945
2172,43.28058951,88.51565026
2173,43.28058951,88.59665107
2174,43.1995887,88.75865269
2175,41.90357574,93.86170372
2176,41.90357574,93.94270453
2177,41.98457655,93.94270453
2178,41.98457655,94.02370534
2179,42.06557736,94.02370534
2180,42.22757898,94.10470615
2181,39.39255063,78.06654577
2182,39.47355144,78.14754658
2183,43.60459275,82.92659437
2184,43.52359194,83.00759518
2185,43.60459275,83.00759518
2186,43.52359194,83.08859599
2187,37.20552876,79.84856359
2188,41.82257493,94.42870939
2189,41.5795725,94.75271263
2190,47.16862839,88.51565026
2191,47.2496292,88.51565026
2192,47.16862839,88.59665107
2193,47.16862839,88.67765188
2194,47.08762758,88.75865269
2195,47.16862839,88.75865269
2196,47.08762758,87.38163892
2197,39.9595563,78.3095482
2198,39.87855549,78.39054901
2199,39.9595563,78.39054901
2200,39.87855549,78.47154982
2201,39.87855549,78.55255063
2202,43.92859599,85.76162272
2203,44.0095968,85.76162272
2204,44.0095968,85.84262353
2205,44.09059761,85.84262353
2206,44.09059761,85.92362434
2207,43.11858789,92.0796859
2208,43.1995887,92.0796859
2209,43.1995887,92.16068671
2210,43.11858789,92.24168752
2211,43.1995887,92.24168752
2212,43.11858789,92.32268833
2213,43.11858789,92.40368914
2214,43.11858789,92.48468995
2215,43.11858789,92.56569076
2216,43.1995887,91.83668347
2217,43.1995887,91.91768428
2218,43.1995887,91.99868509
2219,46.19661867,86.24762758
2220,45.95361624,86.32862839
2221,46.03461705,86.32862839
2222,46.11561786,86.32862839
2223,46.19661867,86.32862839
2224,45.95361624,86.4096292
2225,45.95361624,86.49063001
2226,44.17159842,80.41556926
2227,44.17159842,80.49657007
2228,44.25259923,80.49657007
2229,44.25259923,80.57757088
2230,44.25259923,80.65857169
2231,43.03758708,90.21666727
2232,43.03758708,90.29766808
2233,37.04352714,79.60556116
2234,37.12452795,79.60556116
2235,44.33360004,82.60259113
2236,44.41460085,82.60259113
2237,44.41460085,82.68359194
2238,39.71655387,75.39351904
2239,39.71655387,75.47451985
2240,39.71655387,75.55552066
2241,39.71655387,75.63652147
2242,39.71655387,75.71752228
2243,39.63555306,75.79852309
2244,39.71655387,75.79852309
2245,39.63555306,75.8795239
2246,43.52359194,87.62464135
2247,42.22757898,94.26670777
2248,42.22757898,94.34770858
2249,42.22757898,94.42870939
2250,42.14657817,94.5097102
2251,42.22757898,94.5097102
2252,42.14657817,94.59071101
2253,42.14657817,94.67171182
2254,42.14657817,94.83371344
2255,42.3895806,85.76162272
2256,43.76659437,82.52159032
2257,42.71358384,86.24762758
2258,39.63555306,74.98851499
2259,39.71655387,74.98851499
2260,39.63555306,75.0695158
2261,41.90357574,94.10470615
2262,41.98457655,94.10470615
2263,41.41757088,94.34770858
2264,41.49857169,94.34770858
2265,41.41757088,94.42870939
2266,44.0095968,86.49063001
2267,44.0095968,86.57163082
2268,44.0095968,86.65263163
2269,44.0095968,86.73363244
2270,44.09059761,86.73363244
2271,47.2496292,87.62464135
2272,44.25259923,86.81463325
2273,44.25259923,86.89563406
2274,44.17159842,86.97663487
2275,44.25259923,86.97663487
2276,44.17159842,87.05763568
2277,44.17159842,87.13863649
2278,44.17159842,87.2196373
2279,44.09059761,87.54364054
2280,39.23054901,75.8795239
2281,39.1495482,76.04152552
2282,39.23054901,76.04152552
2283,39.1495482,76.12252633
2284,38.82554496,76.28452795
2285,38.90654577,76.28452795
2286,38.98754658,76.28452795
2287,38.90654577,77.41853929
2288,38.98754658,77.41853929
2289,39.06854739,77.41853929
2290,39.06854739,77.4995401
2291,39.1495482,77.4995401
2292,39.39255063,77.58054091
2293,39.39255063,77.66154172
2294,39.39255063,77.74254253
2295,39.39255063,77.82354334
2296,39.47355144,77.90454415
2297,37.85353524,75.55552066
2298,37.77253443,75.63652147
2299,37.85353524,75.63652147
2300,37.85353524,75.71752228
2301,37.85353524,75.79852309
2302,43.52359194,83.41259923
2303,43.52359194,83.49360004
2304,43.52359194,83.57460085
2305,43.44259113,83.65560166
2306,43.52359194,83.65560166
2307,43.44259113,83.73660247
2308,43.44259113,83.81760328
2309,43.44259113,83.89860409
2310,43.28058951,91.67468185
2311,43.36159032,91.67468185
2312,41.74157412,83.57460085
2313,42.63258303,89.81166322
2314,44.90060571,82.19758708
2315,44.90060571,82.27858789
2316,44.90060571,82.3595887
2317,44.90060571,82.44058951
2318,44.98160652,82.44058951
2319,43.92859599,89.56866079
2320,43.92859599,89.6496616
2321,44.8196049,82.3595887
2322,44.0095968,87.05763568
2323,43.11858789,91.18867699
2324,43.11858789,91.59368104
2325,43.11858789,91.67468185
2326,43.11858789,91.75568266
2327,44.0095968,82.03558546
2328,44.09059761,82.03558546
2329,44.09059761,82.11658627
2330,44.17159842,82.11658627
2331,44.17159842,82.19758708
2332,44.49560166,82.92659437
2333,37.93453605,75.71752228
2334,37.93453605,75.79852309
2335,38.01553686,75.79852309
2336,38.01553686,75.8795239
2337,38.01553686,75.96052471
2338,38.17753848,75.96052471
2339,38.25853929,75.96052471
2340,38.3395401,75.96052471
2341,38.42054091,75.96052471
2342,38.50154172,75.96052471
2343,38.01553686,76.04152552
2344,38.09653767,76.04152552
2345,38.17753848,76.04152552
2346,38.3395401,76.04152552
2347,38.42054091,76.04152552
2348,38.50154172,76.04152552
2349,38.58254253,76.04152552
2350,38.58254253,76.12252633
2351,38.66354334,76.12252633
2352,38.66354334,76.20352714
2353,38.74454415,76.20352714
2354,41.98457655,82.52159032
2355,41.98457655,82.60259113
2356,42.06557736,82.60259113
2357,42.14657817,82.60259113
2358,42.14657817,82.68359194
2359,42.14657817,82.76459275
2360,42.22757898,82.76459275
2361,42.22757898,82.84559356
2362,42.22757898,82.92659437
2363,41.01256683,80.01056521
2364,41.74157412,83.00759518
2365,40.36456035,80.33456845
2366,40.44556116,80.33456845
2367,40.52656197,80.33456845
2368,40.60756278,80.33456845
2369,40.44556116,80.41556926
2370,40.52656197,80.41556926
2371,41.25556926,79.36255873
2372,41.74157412,81.22557736
2373,45.38661057,85.11361624
2374,45.46761138,85.11361624
2375,45.46761138,85.19461705
2376,45.54861219,85.19461705
2377,45.54861219,85.27561786
2378,45.629613,85.27561786
2379,45.629613,85.35661867
2380,45.71061381,85.35661867
2381,45.87261543,85.35661867
2382,45.71061381,85.43761948
2383,45.79161462,85.43761948
2384,45.87261543,85.43761948
2385,42.14657817,86.24762758
2386,46.76362434,83.00759518
2387,46.68262353,83.08859599
2388,46.76362434,83.08859599
2389,46.68262353,83.1695968
2390,46.68262353,83.25059761
2391,46.68262353,83.33159842
2392,46.76362434,85.76162272
2393,46.84462515,85.76162272
2394,46.76362434,85.84262353
2395,46.68262353,85.92362434
2396,46.76362434,85.92362434
2397,46.60162272,86.00462515
2398,46.68262353,86.00462515
2399,46.52062191,86.08562596
2400,46.60162272,86.08562596
2401,44.09059761,85.51862029
2402,44.09059761,85.5996211
2403,44.17159842,85.5996211
2404,42.95658627,87.70564216
2405,43.03758708,87.70564216
2406,42.95658627,87.78664297
2407,42.87558546,87.86764378
2408,42.95658627,87.86764378
2409,42.87558546,87.94864459
2410,44.90060571,81.38757898
2411,44.90060571,81.46857979
2412,44.90060571,81.5495806
2413,44.90060571,81.63058141
2414,44.90060571,81.71158222
2415,44.90060571,81.79258303
2416,44.8196049,81.87358384
2417,44.90060571,81.87358384
2418,44.8196049,81.95458465
2419,42.55158222,94.26670777
2420,42.55158222,94.34770858
2421,42.55158222,94.42870939
2422,42.47058141,94.67171182
2423,42.3895806,94.75271263
2424,42.47058141,94.75271263
2425,42.3895806,94.83371344
2426,42.3895806,94.91471425
2427,42.3895806,94.99571506
2428,42.30857979,95.07671587
2429,42.3895806,95.07671587
2430,42.30857979,95.15771668
2431,42.30857979,95.23871749
2432,42.30857979,95.3197183
2433,42.22757898,95.40071911
2434,42.30857979,95.40071911
2435,42.22757898,95.48171992
2436,42.22757898,95.56272073
2437,42.22757898,95.64372154
2438,42.14657817,95.72472235
2439,42.22757898,95.72472235
2440,42.14657817,95.80572316
2441,40.93156602,80.17256683
2442,41.01256683,80.33456845
2443,41.01256683,80.49657007
2444,41.01256683,80.57757088
2445,41.09356764,80.57757088
2446,41.09356764,80.65857169
2447,41.09356764,80.7395725
2448,41.17456845,80.7395725
2449,41.17456845,80.82057331
2450,41.25556926,80.82057331
2451,41.25556926,80.90157412
2452,41.25556926,80.98257493
2453,41.33657007,81.22557736
2454,41.33657007,81.30657817
2455,41.41757088,81.95458465
2456,41.5795725,82.11658627
2457,41.66057331,82.3595887
2458,41.74157412,82.68359194
2459,41.74157412,82.76459275
2460,38.42054091,77.01353524
2461,38.50154172,77.01353524
2462,38.50154172,77.09453605
2463,38.58254253,77.09453605
2464,38.66354334,77.17553686
2465,38.74454415,77.25653767
2466,38.82554496,77.33753848
2467,38.90654577,77.33753848
2468,42.3895806,86.4096292
2469,42.30857979,86.49063001
2470,42.3895806,86.49063001
2471,42.30857979,86.57163082
2472,43.68559356,87.30063811
2473,43.68559356,87.38163892
2474,43.60459275,87.46263973
2475,44.49560166,85.68062191
2476,44.57660247,85.68062191
2477,41.82257493,81.87358384
2478,41.82257493,81.95458465
2479,41.82257493,82.03558546
2480,41.82257493,82.11658627
2481,41.74157412,82.19758708
2482,41.82257493,82.19758708
2483,41.74157412,82.27858789
2484,41.82257493,82.27858789
2485,41.82257493,82.3595887
2486,41.74157412,82.44058951
2487,41.82257493,82.44058951
2488,44.09059761,80.82057331
2489,44.0095968,80.90157412
2490,43.92859599,81.06357574
2491,44.41460085,85.11361624
2492,42.30857979,94.5097102
2493,42.3895806,94.5097102
2494,42.3895806,94.59071101
2495,42.3895806,94.67171182
2496,39.47355144,78.22854739
2497,39.55455225,78.3095482
2498,47.49263163,85.92362434
2499,43.92859599,85.51862029
2500,44.0095968,85.51862029
2501,43.92859599,85.5996211
2502,46.4396211,83.49360004
2503,46.35862029,83.65560166
2504,46.27761948,83.81760328
2505,46.19661867,83.9796049
2506,44.73860409,89.24465755
2507,44.73860409,89.32565836
2508,44.73860409,89.40665917
2509,44.73860409,89.48765998
2510,44.73860409,89.56866079
2511,44.73860409,89.6496616
2512,44.73860409,89.73066241
2513,44.73860409,89.81166322
2514,44.73860409,89.89266403
2515,44.73860409,89.97366484
2516,41.33657007,82.84559356
2517,41.41757088,82.84559356
2518,41.49857169,82.84559356
2519,41.49857169,82.92659437
2520,40.52656197,79.03855549
2521,40.52656197,79.1195563
2522,40.52656197,79.20055711
2523,46.35862029,86.08562596
2524,46.27761948,86.16662677
2525,46.35862029,86.16662677
2526,46.27761948,86.24762758
2527,44.8196049,89.97366484
2528,44.73860409,90.05466565
2529,44.8196049,90.05466565
2530,44.90060571,90.05466565
2531,44.90060571,90.13566646
2532,44.98160652,90.13566646
2533,44.98160652,90.21666727
2534,44.98160652,90.29766808
2535,45.06260733,90.29766808
2536,43.11858789,93.53770048
2537,43.11858789,93.61870129
2538,43.1995887,93.61870129
2539,41.33657007,82.3595887
2540,41.25556926,82.44058951
2541,41.33657007,82.44058951
2542,41.25556926,82.52159032
2543,43.52359194,82.27858789
2544,43.52359194,82.3595887
2545,46.27761948,89.56866079
2546,46.35862029,89.56866079
2547,46.4396211,89.56866079
2548,46.52062191,89.56866079
2549,46.60162272,89.56866079
2550,46.68262353,89.56866079
2551,46.68262353,89.6496616
2552,47.41163082,85.92362434
2553,39.9595563,78.47154982
2554,39.9595563,78.55255063
2555,40.04055711,78.55255063
2556,40.04055711,78.63355144
2557,46.60162272,83.08859599
2558,46.60162272,83.1695968
2559,46.52062191,83.25059761
2560,46.60162272,83.25059761
2561,46.52062191,83.33159842
2562,46.52062191,83.41259923
2563,39.71655387,76.28452795
2564,39.79755468,76.28452795
2565,39.79755468,76.36552876
2566,39.79755468,76.44652957
2567,39.79755468,76.52753038
2568,39.87855549,76.52753038
2569,39.87855549,76.60853119
2570,39.9595563,76.60853119
2571,40.04055711,76.60853119
2572,40.04055711,76.689532
2573,40.12155792,76.689532
2574,40.12155792,76.77053281
2575,40.20255873,76.77053281
2576,40.20255873,76.85153362
2577,40.20255873,76.93253443
2578,40.20255873,77.01353524
2579,40.20255873,77.09453605
2580,40.20255873,77.17553686
2581,40.28355954,77.17553686
2582,40.28355954,77.25653767
2583,42.79458465,93.61870129
2584,42.71358384,93.6997021
2585,44.33360004,86.00462515
2586,46.52062191,86.00462515
2587,38.50154172,85.76162272
2588,38.50154172,85.84262353
2589,38.50154172,85.92362434
2590,38.50154172,86.00462515
2591,38.50154172,86.08562596
2592,38.50154172,86.16662677
2593,38.58254253,86.16662677
2594,38.58254253,86.24762758
2595,38.58254253,86.32862839
2596,38.58254253,86.4096292
2597,38.66354334,86.4096292
2598,38.66354334,86.49063001
2599,38.66354334,86.57163082
2600,38.66354334,86.65263163
2601,38.74454415,86.65263163
2602,38.66354334,86.73363244
2603,38.74454415,86.73363244
2604,38.66354334,86.81463325
2605,38.66354334,86.89563406
2606,38.66354334,86.97663487
2607,38.66354334,87.05763568
2608,38.74454415,87.05763568
2609,38.66354334,87.13863649
2610,38.74454415,87.13863649
2611,38.66354334,87.2196373
2612,38.66354334,87.30063811
2613,41.25556926,82.68359194
2614,41.41757088,82.68359194
2615,41.49857169,82.68359194
2616,41.5795725,82.68359194
2617,42.79458465,93.53770048
2618,43.03758708,92.889694
2619,42.14657817,87.38163892
2620,42.14657817,87.46263973
2621,42.06557736,87.54364054
2622,42.14657817,87.54364054
2623,41.98457655,87.62464135
2624,42.06557736,87.62464135
2625,41.82257493,87.70564216
2626,41.90357574,87.70564216
2627,41.98457655,87.70564216
2628,41.82257493,87.78664297
2629,42.79458465,89.40665917
2630,42.87558546,89.40665917
2631,42.79458465,89.48765998
2632,42.71358384,89.56866079
2633,42.79458465,89.56866079
2634,42.63258303,89.6496616
2635,42.63258303,89.73066241
2636,39.55455225,76.44652957
2637,39.55455225,76.52753038
2638,39.55455225,76.60853119
2639,39.55455225,76.689532
2640,39.55455225,76.77053281
2641,39.55455225,76.85153362
2642,39.55455225,77.09453605
2643,39.55455225,77.17553686
2644,39.63555306,77.17553686
2645,39.63555306,77.25653767
2646,39.63555306,77.33753848
2647,39.63555306,77.41853929
2648,39.63555306,77.4995401
2649,39.63555306,77.58054091
2650,39.63555306,77.66154172
2651,39.63555306,77.74254253
2652,39.63555306,77.82354334
2653,39.71655387,77.82354334
2654,39.71655387,77.90454415
2655,39.79755468,77.90454415
2656,39.79755468,77.98554496
2657,39.79755468,78.06654577
2658,39.87855549,78.06654577
2659,39.87855549,78.14754658
2660,39.87855549,78.22854739
2661,39.87855549,78.3095482
2662,46.27761948,82.92659437
2663,46.35862029,82.92659437
2664,43.52359194,94.5097102
2665,43.52359194,94.59071101
2666,43.60459275,94.67171182
2667,43.60459275,94.75271263
2668,43.68559356,94.75271263
2669,43.68559356,94.83371344
2670,43.76659437,82.19758708
2671,43.68559356,82.27858789
2672,43.76659437,82.27858789
2673,43.60459275,82.3595887
2674,43.68559356,82.3595887
2675,43.60459275,82.44058951
2676,43.52359194,82.52159032
2677,43.60459275,82.52159032
2678,43.44259113,82.60259113
2679,43.52359194,82.60259113
2680,43.36159032,82.68359194
2681,43.44259113,82.68359194
2682,43.28058951,82.76459275
2683,43.36159032,82.76459275
2684,43.28058951,82.84559356
2685,43.1995887,82.92659437
2686,43.28058951,82.92659437
2687,43.1995887,83.00759518
2688,43.1995887,83.08859599
2689,41.82257493,83.1695968
2690,43.11858789,83.1695968
2691,43.1995887,83.1695968
2692,41.82257493,83.25059761
2693,41.90357574,83.25059761
2694,42.30857979,83.25059761
2695,42.3895806,83.25059761
2696,42.47058141,83.25059761
2697,43.03758708,83.25059761
2698,43.11858789,83.25059761
2699,41.90357574,83.33159842
2700,41.98457655,83.33159842
2701,42.06557736,83.33159842
2702,42.14657817,83.33159842
2703,42.22757898,83.33159842
2704,42.47058141,83.33159842
2705,42.95658627,83.33159842
2706,43.03758708,83.33159842
2707,42.06557736,83.41259923
2708,42.14657817,83.41259923
2709,42.47058141,83.41259923
2710,42.79458465,83.41259923
2711,42.87558546,83.41259923
2712,42.95658627,83.41259923
2713,42.47058141,83.49360004
2714,42.55158222,83.49360004
2715,42.79458465,83.49360004
2716,42.55158222,83.57460085
2717,42.71358384,83.57460085
2718,42.79458465,83.57460085
2719,42.55158222,83.65560166
2720,42.63258303,83.65560166
2721,42.71358384,83.65560166
2722,43.28058951,81.79258303
2723,43.36159032,81.79258303
2724,43.36159032,81.87358384
2725,43.44259113,81.87358384
2726,42.55158222,94.83371344
2727,42.55158222,94.91471425
2728,42.55158222,94.99571506
2729,42.55158222,95.07671587
2730,42.55158222,95.15771668
2731,42.63258303,95.15771668
2732,42.63258303,95.23871749
2733,42.63258303,95.3197183
2734,39.31154982,76.12252633
2735,39.31154982,76.36552876
2736,39.31154982,76.44652957
2737,39.31154982,76.52753038
2738,39.31154982,76.60853119
2739,39.31154982,76.689532
2740,47.16862839,88.8396535
2741,47.16862839,88.92065431
2742,44.09059761,86.65263163
2743,44.0095968,86.81463325
2744,44.09059761,86.81463325
2745,43.92859599,86.89563406
2746,44.0095968,86.89563406
2747,43.92859599,86.97663487
2748,43.84759518,87.05763568
2749,43.92859599,87.05763568
2750,43.84759518,87.13863649
2751,43.28058951,94.34770858
2752,43.44259113,83.25059761
2753,44.25259923,84.70861219
2754,44.25259923,84.789613
2755,44.25259923,84.87061381
2756,44.25259923,84.95161462
2757,44.25259923,85.03261543
2758,44.25259923,85.11361624
2759,44.33360004,85.27561786
2760,44.41460085,85.35661867
2761,44.41460085,85.43761948
2762,44.41460085,85.51862029
2763,44.41460085,85.5996211
2764,44.41460085,85.84262353
2765,44.41460085,85.92362434
2766,44.49560166,85.92362434
2767,44.41460085,86.16662677
2768,44.49560166,86.16662677
2769,42.95658627,88.67765188
2770,42.95658627,88.75865269
2771,43.03758708,88.75865269
2772,43.03758708,88.8396535
2773,39.1495482,75.55552066
2774,39.23054901,75.55552066
2775,39.23054901,75.63652147
2776,39.31154982,75.63652147
2777,39.71655387,77.98554496
2778,39.71655387,78.06654577
2779,39.71655387,78.14754658
2780,39.71655387,78.22854739
2781,39.71655387,78.3095482
2782,39.79755468,78.3095482
2783,39.79755468,78.39054901
2784,46.84462515,83.08859599
2785,46.76362434,83.1695968
2786,44.8196049,84.789613
2787,44.90060571,84.789613
2788,44.49560166,84.87061381
2789,44.57660247,84.87061381
2790,44.65760328,84.87061381
2791,44.73860409,84.87061381
2792,44.8196049,84.87061381
2793,44.90060571,84.87061381
2794,44.98160652,84.87061381
2795,45.06260733,84.87061381
2796,45.14360814,84.87061381
2797,45.22460895,84.87061381
2798,45.30560976,84.87061381
2799,45.38661057,84.87061381
2800,45.46761138,84.87061381
2801,37.12452795,82.68359194
2802,37.20552876,82.68359194
2803,37.28652957,82.68359194
2804,37.28652957,82.76459275
2805,37.36753038,82.76459275
2806,37.36753038,82.84559356
2807,37.44853119,82.84559356
2808,37.529532,82.84559356
2809,37.529532,82.92659437
2810,37.61053281,82.92659437
2811,37.61053281,83.00759518
2812,37.69153362,83.00759518
2813,37.77253443,83.00759518
2814,37.77253443,83.08859599
2815,37.85353524,83.08859599
2816,37.85353524,83.1695968
2817,37.85353524,83.25059761
2818,37.85353524,83.33159842
2819,37.85353524,83.41259923
2820,37.93453605,83.41259923
2821,37.93453605,83.49360004
2822,37.93453605,83.57460085
2823,37.93453605,83.65560166
2824,41.5795725,86.08562596
2825,38.90654577,88.27264783
2826,38.98754658,88.27264783
2827,38.90654577,88.35364864
2828,42.3895806,93.21369724
2829,42.3895806,93.29469805
2830,42.55158222,93.29469805
2831,42.63258303,93.37569886
2832,39.79755468,78.47154982
2833,42.79458465,89.81166322
2834,45.95361624,90.13566646
2835,45.95361624,90.21666727
2836,43.03758708,88.67765188
2837,43.03758708,92.56569076
2838,37.12452795,80.01056521
2839,37.12452795,80.09156602
2840,37.12452795,80.17256683
2841,44.65760328,90.13566646
2842,44.65760328,90.21666727
2843,44.65760328,90.29766808
2844,44.65760328,90.37866889
2845,44.73860409,90.37866889
2846,44.8196049,90.37866889
2847,44.8196049,90.4596697
2848,44.90060571,90.4596697
2849,44.90060571,90.54067051
2850,44.98160652,90.54067051
2851,44.98160652,90.62167132
2852,45.06260733,90.62167132
2853,42.79458465,91.75568266
2854,42.87558546,91.75568266
2855,42.95658627,91.75568266
2856,43.03758708,91.75568266
2857,42.63258303,91.83668347
2858,42.71358384,91.83668347
2859,42.79458465,91.83668347
2860,42.63258303,91.91768428
2861,41.33657007,85.84262353
2862,41.33657007,85.92362434
2863,41.41757088,85.92362434
2864,41.49857169,85.92362434
2865,44.0095968,81.95458465
2866,44.0095968,82.11658627
2867,43.68559356,81.95458465
2868,43.60459275,82.11658627
2869,43.68559356,82.11658627
2870,43.52359194,82.19758708
2871,43.60459275,82.19758708
2872,43.84759518,81.06357574
2873,44.25259923,87.54364054
2874,44.25259923,87.62464135
2875,42.95658627,89.56866079
2876,42.14657817,86.00462515
2877,42.06557736,86.08562596
2878,42.14657817,86.08562596
2879,42.06557736,86.16662677
2880,37.28652957,79.9295644
2881,37.36753038,79.9295644
2882,37.28652957,80.01056521
2883,37.36753038,80.01056521
2884,37.36753038,80.09156602
2885,37.44853119,80.09156602
2886,37.44853119,80.17256683
2887,37.44853119,80.25356764
2888,37.529532,80.25356764
2889,37.529532,80.33456845
2890,37.61053281,80.33456845
2891,37.61053281,80.41556926
2892,43.11858789,90.70267213
2893,43.11858789,90.78367294
2894,43.11858789,90.86467375
2895,43.11858789,90.94567456
2896,43.11858789,91.02667537
2897,43.11858789,91.10767618
2898,41.41757088,82.44058951
2899,41.41757088,82.52159032
2900,41.49857169,82.52159032
2901,41.5795725,82.52159032
2902,41.98457655,82.84559356
2903,38.42054091,77.17553686
2904,38.74454415,75.23151742
2905,41.98457655,86.65263163
2906,42.06557736,86.65263163
2907,42.14657817,86.65263163
2908,42.22757898,86.73363244
2909,37.20552876,80.01056521
2910,41.41757088,83.25059761
2911,41.49857169,83.25059761
2912,41.25556926,83.33159842
2913,41.33657007,83.33159842
2914,41.41757088,83.33159842
2915,41.49857169,83.33159842
2916,41.25556926,83.41259923
2917,38.09653767,76.93253443
2918,38.01553686,77.01353524
2919,38.09653767,77.01353524
2920,37.93453605,77.09453605
2921,37.93453605,77.17553686
2922,37.93453605,77.25653767
2923,37.85353524,77.33753848
2924,37.93453605,77.33753848
2925,46.03461705,84.87061381
2926,46.11561786,84.87061381
2927,46.03461705,84.95161462
2928,46.03461705,85.03261543
2929,45.95361624,85.11361624
2930,46.03461705,85.11361624
2931,45.95361624,85.19461705
2932,45.87261543,85.27561786
2933,45.95361624,85.27561786
2934,43.84759518,93.13269643
2935,43.92859599,93.13269643
2936,43.76659437,93.21369724
2937,43.84759518,93.21369724
2938,43.68559356,93.29469805
2939,43.76659437,93.29469805
2940,43.68559356,93.37569886
2941,43.60459275,93.45669967
2942,43.1995887,93.53770048
2943,43.28058951,93.53770048
2944,43.36159032,93.53770048
2945,43.52359194,93.53770048
2946,43.60459275,93.53770048
2947,46.4396211,90.21666727
2948,42.79458465,88.75865269
2949,42.87558546,88.75865269
2950,42.3895806,85.51862029
2951,42.3895806,85.5996211
2952,42.3895806,85.68062191
2953,46.4396211,90.13566646
2954,42.47058141,94.83371344
2955,43.11858789,84.95161462
2956,43.11858789,85.03261543
2957,43.03758708,85.11361624
2958,43.11858789,85.11361624
2959,43.03758708,85.19461705
2960,42.95658627,85.27561786
2961,43.03758708,85.27561786
2962,42.95658627,85.35661867
2963,42.87558546,85.43761948
2964,42.95658627,85.43761948
2965,42.87558546,85.51862029
2966,42.87558546,85.5996211
2967,42.79458465,85.68062191
2968,42.87558546,85.68062191
2969,42.79458465,85.76162272
2970,42.79458465,85.84262353
2971,42.79458465,85.92362434
2972,42.71358384,86.00462515
2973,42.79458465,86.00462515
2974,42.63258303,86.08562596
2975,42.71358384,86.08562596
2976,42.63258303,86.16662677
2977,42.47058141,86.24762758
2978,43.44259113,82.52159032
2979,43.44259113,82.76459275
2980,43.44259113,82.84559356
2981,43.44259113,82.92659437
2982,43.44259113,83.00759518
2983,43.44259113,83.08859599
2984,43.44259113,83.1695968
2985,41.09356764,85.76162272
2986,41.09356764,85.84262353
2987,41.17456845,85.84262353
2988,41.17456845,85.92362434
2989,41.17456845,86.00462515
2990,41.17456845,86.08562596
2991,41.25556926,86.08562596
2992,41.25556926,86.16662677
2993,41.33657007,86.16662677
2994,41.41757088,86.16662677
2995,44.09059761,89.08265593
2996,44.17159842,89.08265593
2997,44.09059761,89.16365674
2998,44.17159842,89.16365674
2999,45.95361624,82.68359194
3000,46.03461705,82.68359194
3001,46.11561786,82.68359194
3002,46.11561786,82.76459275
3003,46.11561786,82.84559356
3004,46.19661867,82.84559356
3005,46.27761948,82.84559356
3006,41.33657007,86.24762758
3007,45.629613,84.95161462
3008,45.629613,85.03261543
3009,45.71061381,85.03261543
3010,45.629613,85.11361624
3011,46.60162272,86.16662677
3012,46.68262353,86.16662677
3013,46.68262353,86.24762758
3014,46.76362434,86.24762758
3015,46.84462515,86.24762758
3016,46.84462515,86.32862839
3017,46.92562596,86.32862839
3018,46.92562596,86.4096292
3019,46.92562596,86.49063001
3020,47.00662677,86.49063001
3021,47.00662677,86.57163082
3022,47.08762758,86.57163082
3023,47.08762758,86.65263163
3024,47.16862839,86.65263163
3025,47.2496292,86.65263163
3026,47.2496292,86.73363244
3027,47.33063001,86.73363244
3028,47.33063001,86.81463325
3029,47.41163082,86.81463325
3030,47.49263163,86.81463325
3031,47.57363244,86.81463325
3032,43.1995887,92.72769238
3033,44.25259923,92.889694
3034,44.17159842,92.97069481
3035,44.25259923,92.97069481
3036,44.17159842,93.05169562
3037,44.17159842,93.13269643
3038,45.06260733,90.21666727
3039,45.14360814,90.21666727
3040,45.14360814,90.29766808
3041,45.22460895,90.29766808
3042,45.22460895,90.37866889
3043,45.22460895,90.4596697
3044,45.30560976,90.4596697
3045,45.30560976,90.54067051
3046,39.23054901,76.60853119
3047,39.23054901,76.689532
3048,44.17159842,92.889694
3049,39.47355144,76.36552876
3050,39.47355144,76.44652957
3051,39.47355144,76.52753038
3052,39.47355144,76.60853119
3053,39.47355144,76.689532
3054,47.41163082,89.00165512
3055,47.49263163,89.00165512
3056,47.41163082,89.08265593
3057,47.41163082,89.16365674
3058,38.50154172,77.25653767
3059,41.82257493,83.33159842
3060,36.88152552,81.38757898
3061,36.88152552,81.46857979
3062,42.47058141,94.34770858
3063,42.30857979,94.59071101
3064,45.14360814,85.27561786
3065,45.06260733,85.35661867
3066,43.28058951,82.52159032
3067,41.98457655,90.4596697
3068,41.98457655,90.54067051
3069,41.90357574,90.62167132
3070,41.98457655,90.62167132
3071,41.90357574,90.70267213
3072,41.90357574,90.78367294
3073,41.82257493,90.86467375
3074,41.90357574,90.86467375
3075,41.82257493,90.94567456
3076,41.82257493,91.02667537
3077,41.74157412,91.10767618
3078,41.82257493,91.10767618
3079,41.74157412,91.18867699
3080,41.74157412,91.2696778
3081,41.74157412,91.35067861
3082,43.11858789,89.56866079
3083,43.11858789,89.6496616
3084,43.11858789,89.73066241
3085,43.11858789,90.13566646
3086,43.11858789,90.21666727
3087,43.11858789,90.29766808
3088,43.11858789,90.37866889
3089,43.1995887,90.94567456
3090,43.1995887,91.02667537
3091,43.1995887,91.10767618
3092,43.1995887,91.35067861
3093,43.1995887,91.43167942
3094,43.11858789,91.83668347
3095,43.11858789,91.91768428
3096,43.11858789,91.99868509
3097,43.11858789,92.16068671
3098,43.03758708,92.40368914
3099,43.03758708,92.48468995
3100,43.76659437,80.7395725
3101,43.76659437,80.82057331
3102,43.76659437,80.90157412
3103,43.76659437,80.98257493
3104,43.76659437,81.06357574
3105,44.25259923,88.75865269
3106,44.33360004,88.75865269
3107,44.33360004,88.8396535
3108,46.4396211,88.59665107
3109,46.52062191,88.59665107
3110,46.60162272,88.59665107
3111,46.60162272,88.67765188
3112,46.68262353,88.67765188
3113,46.76362434,88.67765188
3114,42.22757898,93.94270453
3115,42.30857979,88.27264783
3116,42.3895806,88.27264783
3117,42.3895806,88.35364864
3118,42.3895806,88.43464945
3119,42.3895806,88.51565026
3120,42.47058141,88.51565026
3121,42.55158222,88.51565026
3122,42.63258303,88.51565026
3123,42.63258303,88.59665107
3124,44.17159842,93.45669967
3125,38.3395401,77.33753848
3126,38.42054091,77.33753848
3127,38.42054091,77.41853929
3128,38.42054091,77.4995401
3129,38.50154172,77.4995401
3130,42.87558546,88.8396535
3131,42.87558546,88.92065431
3132,42.95658627,88.92065431
3133,42.95658627,89.00165512
3134,42.95658627,89.08265593
3135,42.22757898,88.35364864
3136,42.30857979,88.35364864
3137,42.30857979,88.43464945
3138,42.30857979,88.51565026
3139,42.3895806,88.59665107
3140,42.3895806,88.67765188
3141,42.47058141,88.67765188
3142,42.55158222,88.67765188
3143,42.63258303,88.67765188
3144,42.22757898,94.83371344
3145,42.22757898,94.91471425
3146,43.11858789,81.14457655
3147,43.11858789,81.22557736
3148,43.11858789,81.30657817
3149,43.11858789,81.38757898
3150,43.1995887,81.38757898
3151,43.1995887,81.46857979
3152,43.1995887,81.5495806
3153,43.1995887,81.63058141
3154,43.1995887,81.71158222
3155,45.95361624,85.35661867
3156,46.03461705,85.35661867
3157,46.03461705,85.43761948
3158,46.03461705,85.51862029
3159,46.11561786,85.51862029
3160,46.11561786,85.5996211
3161,46.19661867,85.5996211
3162,46.19661867,85.68062191
3163,46.19661867,85.76162272
3164,46.19661867,85.84262353
3165,46.27761948,85.84262353
3166,46.27761948,85.92362434
3167,46.35862029,85.92362434
3168,46.35862029,86.00462515
3169,42.14657817,93.94270453
3170,47.16862839,87.86764378
3171,47.2496292,87.86764378
3172,47.16862839,87.94864459
3173,47.16862839,88.0296454
3174,47.08762758,88.11064621
3175,47.16862839,88.11064621
3176,47.08762758,88.19164702
3177,47.08762758,88.27264783
3178,47.08762758,88.35364864
3179,47.08762758,88.43464945
3180,47.08762758,88.51565026
3181,47.08762758,88.59665107
3182,47.08762758,88.67765188
3183,42.30857979,93.21369724
3184,42.30857979,93.29469805
3185,41.90357574,85.92362434
3186,43.03758708,88.92065431
3187,43.03758708,89.00165512
3188,41.5795725,94.18570696
3189,42.79458465,81.06357574
3190,42.79458465,81.14457655
3191,42.79458465,81.22557736
3192,42.87558546,81.22557736
3193,42.87558546,81.30657817
3194,42.87558546,81.38757898
3195,42.95658627,81.38757898
3196,42.95658627,81.46857979
3197,42.95658627,81.5495806
3198,43.03758708,81.5495806
3199,43.03758708,81.63058141
3200,43.03758708,81.71158222
3201,43.11858789,81.71158222
3202,43.11858789,81.79258303
3203,42.63258303,93.86170372
3204,39.39255063,75.55552066
3205,39.47355144,75.55552066
3206,39.47355144,75.63652147
3207,39.47355144,75.71752228
3208,39.47355144,75.79852309
3209,46.4396211,85.51862029
3210,46.4396211,85.5996211
3211,46.4396211,85.68062191
3212,46.52062191,85.68062191
3213,46.52062191,85.76162272
3214,46.52062191,85.84262353
3215,46.52062191,85.92362434
3216,43.92859599,90.05466565
3217,43.84759518,90.21666727
3218,41.33657007,82.27858789
3219,41.41757088,82.27858789
3220,41.49857169,82.27858789
3221,47.49263163,87.13863649
3222,37.529532,78.14754658
3223,43.60459275,89.97366484
3224,43.52359194,90.05466565
3225,43.60459275,90.05466565
3226,43.52359194,90.13566646
3227,42.87558546,81.06357574
3228,42.95658627,81.06357574
3229,42.95658627,81.14457655
3230,43.03758708,81.14457655
3231,41.90357574,83.49360004
3232,41.90357574,83.57460085
3233,41.90357574,83.65560166
3234,41.90357574,83.73660247
3235,41.90357574,83.81760328
3236,41.90357574,83.89860409
3237,41.90357574,83.9796049
3238,41.98457655,83.9796049
3239,41.98457655,84.06060571
3240,41.98457655,84.14160652
3241,42.06557736,84.62761138
3242,42.06557736,84.70861219
3243,42.06557736,84.789613
3244,42.06557736,84.87061381
3245,41.90357574,86.00462515
3246,41.90357574,86.08562596
3247,41.90357574,86.16662677
3248,43.92859599,89.73066241
3249,43.76659437,89.81166322
3250,43.84759518,89.81166322
3251,43.92859599,89.81166322
3252,41.5795725,83.1695968
3253,41.66057331,83.1695968
3254,41.5795725,83.25059761
3255,39.63555306,76.20352714
3256,43.76659437,82.92659437
3257,43.84759518,82.92659437
3258,43.76659437,83.00759518
3259,43.76659437,83.08859599
3260,43.76659437,83.1695968
3261,42.87558546,88.0296454
3262,42.95658627,88.0296454
3263,39.55455225,75.71752228
3264,40.93156602,80.49657007
3265,40.7695644,80.57757088
3266,40.85056521,80.57757088
3267,40.93156602,80.57757088
3268,40.7695644,80.65857169
3269,40.68856359,80.7395725
3270,40.7695644,80.7395725
3271,40.68856359,80.82057331
3272,40.60756278,80.90157412
3273,40.68856359,80.90157412
3274,40.60756278,80.98257493
3275,40.60756278,81.06357574
3276,40.60756278,81.14457655
3277,45.95361624,84.30360814
3278,45.95361624,84.38460895
3279,45.95361624,84.46560976
3280,46.03461705,84.46560976
3281,36.23351904,81.46857979
3282,36.31451985,81.46857979
3283,36.39552066,81.46857979
3284,36.47652147,81.46857979
3285,36.55752228,81.46857979
3286,36.15251823,81.5495806
3287,36.23351904,81.5495806
3288,36.55752228,81.5495806
3289,36.63852309,81.5495806
3290,47.49263163,86.16662677
3291,37.04352714,79.9295644
3292,37.04352714,80.01056521
3293,37.04352714,80.09156602
3294,40.52656197,80.17256683
3295,40.60756278,80.17256683
3296,40.68856359,80.17256683
3297,40.68856359,80.25356764
3298,39.79755468,74.34050851
3299,39.79755468,74.42150932
3300,39.79755468,74.50251013
3301,39.79755468,74.58351094
3302,39.87855549,74.58351094
3303,39.79755468,74.66451175
3304,39.87855549,74.66451175
3305,39.79755468,74.74551256
3306,39.79755468,74.82651337
3307,39.79755468,74.90751418
3308,39.79755468,74.98851499
3309,41.33657007,80.01056521
3310,41.33657007,80.09156602
3311,38.09653767,77.25653767
3312,38.01553686,77.33753848
3313,38.09653767,77.33753848
3314,41.49857169,84.14160652
3315,41.5795725,84.14160652
3316,41.66057331,84.14160652
3317,42.71358384,93.29469805
3318,41.5795725,82.84559356
3319,44.57660247,85.43761948
3320,44.65760328,85.43761948
3321,44.57660247,85.51862029
3322,44.49560166,85.5996211
3323,44.57660247,85.5996211
3324,44.33360004,85.84262353
3325,44.33360004,85.92362434
3326,42.71358384,87.94864459
3327,42.79458465,88.43464945
3328,42.79458465,88.51565026
3329,38.01553686,77.41853929
3330,37.77253443,77.4995401
3331,38.01553686,77.4995401
3332,37.77253443,77.58054091
3333,37.93453605,77.58054091
3334,44.33360004,86.81463325
3335,44.41460085,86.81463325
3336,42.22757898,88.0296454
3337,47.2496292,88.8396535
3338,47.2496292,88.92065431
3339,47.33063001,88.92065431
3340,47.41163082,88.92065431
3341,43.76659437,83.25059761
3342,39.55455225,75.63652147
3343,45.46761138,84.46560976
3344,45.46761138,84.54661057
3345,45.46761138,84.62761138
3346,45.46761138,84.70861219
3347,45.46761138,84.789613
3348,41.49857169,79.60556116
3349,43.1995887,81.14457655
3350,43.52359194,94.10470615
3351,43.84759518,94.10470615
3352,43.92859599,94.10470615
3353,43.52359194,94.18570696
3354,43.60459275,94.18570696
3355,43.68559356,94.18570696
3356,43.76659437,94.18570696
3357,43.84759518,94.18570696
3358,42.3895806,89.89266403
3359,42.47058141,89.89266403
3360,42.55158222,89.89266403
3361,42.63258303,89.89266403
3362,42.22757898,89.97366484
3363,42.30857979,89.97366484
3364,42.3895806,89.97366484
3365,42.22757898,90.05466565
3366,42.22757898,90.13566646
3367,42.14657817,90.21666727
3368,42.22757898,90.21666727
3369,42.14657817,90.29766808
3370,42.06557736,90.37866889
3371,42.14657817,90.37866889
3372,42.06557736,90.4596697
3373,41.49857169,82.60259113
3374,43.60459275,80.98257493
3375,43.60459275,81.06357574
3376,43.60459275,81.14457655
3377,42.22757898,94.59071101
3378,45.71061381,85.11361624
3379,45.71061381,85.19461705
3380,45.79161462,85.19461705
3381,45.79161462,85.27561786
3382,45.95361624,85.43761948
3383,44.90060571,81.95458465
3384,46.11561786,83.65560166
3385,46.19661867,83.65560166
3386,46.11561786,83.73660247
3387,46.11561786,83.81760328
3388,46.11561786,83.89860409
3389,46.11561786,83.9796049
3390,46.11561786,84.06060571
3391,39.39255063,75.71752228
3392,39.55455225,75.79852309
3393,39.55455225,75.8795239
3394,37.77253443,75.15051661
3395,37.85353524,75.15051661
3396,37.85353524,75.23151742
3397,37.85353524,75.31251823
3398,37.85353524,75.39351904
3399,37.85353524,75.47451985
3400,41.5795725,85.84262353
3401,41.5795725,85.92362434
3402,41.41757088,80.49657007
3403,41.49857169,80.49657007
3404,43.52359194,93.61870129
3405,44.09059761,87.46263973
3406,43.11858789,88.11064621
3407,43.1995887,88.11064621
3408,46.84462515,89.32565836
3409,46.84462515,89.40665917
3410,46.84462515,89.48765998
3411,36.88152552,81.30657817
3412,42.22757898,86.49063001
3413,42.71358384,88.75865269
3414,44.98160652,81.87358384
3415,45.06260733,81.87358384
3416,44.98160652,81.95458465
3417,41.82257493,82.52159032
3418,41.82257493,82.60259113
3419,39.06854739,75.96052471
3420,39.1495482,75.96052471
3421,39.06854739,76.04152552
3422,39.71655387,75.0695158
3423,39.71655387,75.15051661
3424,44.41460085,86.32862839
3425,44.49560166,86.32862839
3426,44.49560166,86.4096292
3427,44.49560166,86.49063001
3428,41.09356764,78.95755468
3429,41.09356764,79.03855549
3430,41.09356764,79.1195563
3431,41.17456845,79.1195563
3432,41.17456845,79.20055711
3433,41.17456845,79.28155792
3434,41.17456845,79.36255873
3435,41.17456845,79.44355954
3436,41.17456845,79.52456035
